s 1 288
s 2 382
s 3 484
s 4 353
s 5 277
s 6 289
s 7 432
s 8 473
s 9 362
s 10 393
s 11 271
s 12 370
s 13 371
s 14 320
s 15 499
s 16 407
s 17 485
s 18 488
s 19 279
s 20 473
s 21 289
s 22 274
s 23 311
s 24 286
s 25 495
s 26 433
s 27 498
s 28 489
s 29 415
s 30 499
s 31 339
s 32 303
s 33 290
s 34 457
s 35 479
s 36 302
s 37 462
s 38 475
s 39 255
s 40 298
s 41 282
s 42 457
s 43 415
s 44 411
s 45 444
s 46 361
s 47 334
s 48 471
s 49 434
s 50 294
s 51 471
s 52 379
s 53 420
s 54 491
s 55 344
s 56 491
s 57 432
s 58 374
s 59 306
s 60 335
s 61 465
s 62 327
s 63 308
s 64 269
s 65 274
s 66 384
s 67 368
s 68 359
s 69 365
s 70 335
s 71 358
s 72 275
s 73 475
s 74 432
s 75 318
s 76 453
s 77 281
s 78 414
s 79 496
s 80 459
s 81 258
s 82 416
s 83 384
s 84 486
s 85 488
s 86 294
s 87 494
s 88 441
s 89 296
s 90 487
s 91 322
s 92 445
s 93 423
s 94 306
s 95 375
s 96 463
s 97 267
s 98 387
s 99 366
1 2 401
1 3 385
1 4 291
1 5 396
1 6 439
1 7 394
1 8 366
1 9 349
1 10 494
1 11 417
1 12 464
1 13 345
1 14 282
1 15 264
1 16 396
1 17 280
1 18 451
1 19 414
1 20 466
1 21 487
1 22 261
1 23 262
1 24 398
1 25 332
1 26 384
1 27 378
1 28 294
1 29 331
1 30 464
1 31 462
1 32 295
1 33 406
1 34 460
1 35 256
1 36 470
1 37 255
1 38 478
1 39 264
1 40 498
1 41 320
1 42 381
1 43 493
1 44 351
1 45 295
1 46 291
1 47 445
1 48 294
1 49 258
1 50 440
1 51 275
1 52 436
1 53 468
1 54 453
1 55 251
1 56 321
1 57 394
1 58 428
1 59 307
1 60 306
1 61 274
1 62 302
1 63 362
1 64 330
1 65 334
1 66 484
1 67 421
1 68 321
1 69 469
1 70 363
1 71 408
1 72 355
1 73 345
1 74 356
1 75 483
1 76 297
1 77 323
1 78 381
1 79 427
1 80 271
1 81 433
1 82 287
1 83 364
1 84 487
1 85 253
1 86 267
1 87 293
1 88 460
1 89 312
1 90 460
1 91 369
1 92 300
1 93 394
1 94 345
1 95 292
1 96 454
1 97 410
1 98 347
1 99 309
2 1 401
2 3 389
2 4 366
2 5 260
2 6 337
2 7 315
2 8 345
2 9 446
2 10 449
2 11 252
2 12 493
2 13 412
2 14 321
2 15 438
2 16 287
2 17 397
2 18 353
2 19 393
2 20 339
2 21 496
2 22 308
2 23 379
2 24 250
2 25 361
2 26 317
2 27 340
2 28 499
2 29 469
2 30 301
2 31 312
2 32 346
2 33 308
2 34 469
2 35 399
2 36 427
2 37 427
2 38 323
2 39 350
2 40 348
2 41 495
2 42 401
2 43 360
2 44 383
2 45 316
2 46 258
2 47 378
2 48 291
2 49 266
2 50 411
2 51 250
2 52 424
2 53 304
2 54 419
2 55 448
2 56 383
2 57 378
2 58 268
2 59 421
2 60 312
2 61 474
2 62 290
2 63 363
2 64 337
2 65 469
2 66 446
2 67 360
2 68 420
2 69 442
2 70 466
2 71 353
2 72 327
2 73 441
2 74 299
2 75 445
2 76 399
2 77 429
2 78 455
2 79 455
2 80 436
2 81 305
2 82 431
2 83 363
2 84 320
2 85 315
2 86 319
2 87 275
2 88 359
2 89 339
2 90 290
2 91 484
2 92 438
2 93 270
2 94 359
2 95 421
2 96 438
2 97 316
2 98 499
2 99 424
3 1 385
3 2 389
3 4 428
3 5 420
3 6 256
3 7 471
3 8 325
3 9 350
3 10 307
3 11 494
3 12 416
3 13 283
3 14 475
3 15 316
3 16 346
3 17 470
3 18 257
3 19 498
3 20 491
3 21 487
3 22 469
3 23 258
3 24 318
3 25 257
3 26 452
3 27 413
3 28 411
3 29 324
3 30 382
3 31 255
3 32 374
3 33 449
3 34 312
3 35 408
3 36 423
3 37 252
3 38 442
3 39 443
3 40 488
3 41 494
3 42 431
3 43 342
3 44 385
3 45 374
3 46 273
3 47 282
3 48 315
3 49 497
3 50 284
3 51 400
3 52 369
3 53 290
3 54 292
3 55 315
3 56 394
3 57 322
3 58 332
3 59 468
3 60 483
3 61 303
3 62 337
3 63 361
3 64 387
3 65 375
3 66 429
3 67 478
3 68 274
3 69 448
3 70 327
3 71 268
3 72 332
3 73 265
3 74 273
3 75 284
3 76 389
3 77 432
3 78 352
3 79 478
3 80 417
3 81 279
3 82 366
3 83 349
3 84 340
3 85 442
3 86 404
3 87 429
3 88 397
3 89 403
3 90 296
3 91 380
3 92 488
3 93 413
3 94 336
3 95 339
3 96 381
3 97 320
3 98 362
3 99 257
4 1 291
4 2 366
4 3 428
4 5 374
4 6 328
4 7 495
4 8 439
4 9 481
4 10 258
4 11 379
4 12 338
4 13 273
4 14 445
4 15 402
4 16 398
4 17 413
4 18 275
4 19 470
4 20 488
4 21 331
4 22 369
4 23 370
4 24 429
4 25 428
4 26 266
4 27 295
4 28 271
4 29 326
4 30 387
4 31 392
4 32 385
4 33 301
4 34 359
4 35 364
4 36 491
4 37 392
4 38 367
4 39 279
4 40 313
4 41 377
4 42 489
4 43 301
4 44 367
4 45 440
4 46 355
4 47 499
4 48 308
4 49 418
4 50 353
4 51 332
4 52 436
4 53 453
4 54 357
4 55 334
4 56 390
4 57 418
4 58 483
4 59 434
4 60 354
4 61 333
4 62 344
4 63 497
4 64 270
4 65 310
4 66 421
4 67 371
4 68 481
4 69 321
4 70 392
4 71 362
4 72 426
4 73 346
4 74 286
4 75 463
4 76 412
4 77 262
4 78 436
4 79 458
4 80 436
4 81 376
4 82 446
4 83 476
4 84 359
4 85 288
4 86 363
4 87 487
4 88 347
4 89 291
4 90 297
4 91 433
4 92 455
4 93 451
4 94 419
4 95 412
4 96 494
4 97 443
4 98 432
4 99 369
5 1 396
5 2 260
5 3 420
5 4 374
5 6 467
5 7 484
5 8 499
5 9 400
5 10 391
5 11 324
5 12 269
5 13 357
5 14 462
5 15 409
5 16 251
5 17 442
5 18 490
5 19 345
5 20 252
5 21 364
5 22 460
5 23 429
5 24 393
5 25 255
5 26 432
5 27 291
5 28 386
5 29 362
5 30 436
5 31 420
5 32 466
5 33 299
5 34 297
5 35 439
5 36 466
5 37 486
5 38 466
5 39 430
5 40 392
5 41 301
5 42 411
5 43 435
5 44 304
5 45 287
5 46 475
5 47 421
5 48 260
5 49 345
5 50 367
5 51 466
5 52 438
5 53 408
5 54 417
5 55 350
5 56 413
5 57 251
5 58 257
5 59 313
5 60 374
5 61 401
5 62 336
5 63 330
5 64 457
5 65 386
5 66 345
5 67 481
5 68 281
5 69 432
5 70 365
5 71 305
5 72 291
5 73 473
5 74 259
5 75 478
5 76 403
5 77 334
5 78 347
5 79 330
5 80 452
5 81 437
5 82 358
5 83 442
5 84 382
5 85 307
5 86 301
5 87 345
5 88 390
5 89 276
5 90 486
5 91 466
5 92 311
5 93 477
5 94 463
5 95 257
5 96 394
5 97 356
5 98 466
5 99 441
6 1 439
6 2 337
6 3 256
6 4 328
6 5 467
6 7 290
6 8 449
6 9 416
6 10 258
6 11 473
6 12 384
6 13 314
6 14 394
6 15 373
6 16 408
6 17 391
6 18 267
6 19 333
6 20 340
6 21 414
6 22 370
6 23 485
6 24 483
6 25 393
6 26 295
6 27 432
6 28 463
6 29 320
6 30 449
6 31 482
6 32 382
6 33 305
6 34 318
6 35 483
6 36 319
6 37 492
6 38 398
6 39 303
6 40 452
6 41 290
6 42 281
6 43 379
6 44 426
6 45 369
6 46 332
6 47 353
6 48 362
6 49 431
6 50 306
6 51 416
6 52 264
6 53 429
6 54 350
6 55 279
6 56 349
6 57 346
6 58 496
6 59 428
6 60 321
6 61 317
6 62 474
6 63 337
6 64 397
6 65 433
6 66 434
6 67 255
6 68 391
6 69 409
6 70 276
6 71 389
6 72 254
6 73 347
6 74 292
6 75 277
6 76 280
6 77 441
6 78 376
6 79 387
6 80 361
6 81 485
6 82 418
6 83 328
6 84 407
6 85 376
6 86 373
6 87 469
6 88 306
6 89 303
6 90 264
6 91 417
6 92 258
6 93 485
6 94 489
6 95 274
6 96 439
6 97 269
6 98 330
6 99 455
7 1 394
7 2 315
7 3 471
7 4 495
7 5 484
7 6 290
7 8 301
7 9 300
7 10 464
7 11 252
7 12 358
7 13 284
7 14 485
7 15 390
7 16 319
7 17 401
7 18 372
7 19 393
7 20 435
7 21 309
7 22 415
7 23 417
7 24 454
7 25 407
7 26 428
7 27 397
7 28 445
7 29 316
7 30 349
7 31 261
7 32 270
7 33 270
7 34 402
7 35 357
7 36 290
7 37 462
7 38 499
7 39 492
7 40 401
7 41 333
7 42 420
7 43 308
7 44 397
7 45 492
7 46 256
7 47 305
7 48 466
7 49 376
7 50 361
7 51 250
7 52 366
7 53 403
7 54 260
7 55 282
7 56 390
7 57 314
7 58 264
7 59 381
7 60 399
7 61 450
7 62 306
7 63 431
7 64 351
7 65 279
7 66 476
7 67 366
7 68 288
7 69 380
7 70 381
7 71 290
7 72 337
7 73 366
7 74 373
7 75 321
7 76 322
7 77 481
7 78 426
7 79 488
7 80 265
7 81 271
7 82 419
7 83 384
7 84 374
7 85 371
7 86 480
7 87 384
7 88 418
7 89 435
7 90 492
7 91 485
7 92 426
7 93 262
7 94 309
7 95 280
7 96 324
7 97 307
7 98 402
7 99 493
8 1 366
8 2 345
8 3 325
8 4 439
8 5 499
8 6 449
8 7 301
8 9 473
8 10 416
8 11 468
8 12 392
8 13 313
8 14 473
8 15 467
8 16 420
8 17 494
8 18 452
8 19 417
8 20 448
8 21 413
8 22 368
8 23 344
8 24 356
8 25 449
8 26 328
8 27 258
8 28 496
8 29 355
8 30 365
8 31 350
8 32 387
8 33 256
8 34 407
8 35 417
8 36 373
8 37 467
8 38 482
8 39 373
8 40 299
8 41 435
8 42 267
8 43 488
8 44 323
8 45 390
8 46 456
8 47 484
8 48 329
8 49 463
8 50 434
8 51 380
8 52 262
8 53 451
8 54 444
8 55 458
8 56 257
8 57 418
8 58 325
8 59 328
8 60 492
8 61 461
8 62 254
8 63 485
8 64 276
8 65 470
8 66 291
8 67 342
8 68 414
8 69 284
8 70 284
8 71 442
8 72 374
8 73 447
8 74 280
8 75 250
8 76 290
8 77 311
8 78 347
8 79 459
8 80 460
8 81 385
8 82 324
8 83 442
8 84 250
8 85 264
8 86 315
8 87 367
8 88 297
8 89 356
8 90 325
8 91 415
8 92 484
8 93 368
8 94 389
8 95 464
8 96 382
8 97 407
8 98 366
8 99 493
9 1 349
9 2 446
9 3 350
9 4 481
9 5 400
9 6 416
9 7 300
9 8 473
9 10 308
9 11 287
9 12 371
9 13 460
9 14 260
9 15 288
9 16 340
9 17 485
9 18 378
9 19 299
9 20 389
9 21 431
9 22 335
9 23 345
9 24 425
9 25 317
9 26 433
9 27 274
9 28 416
9 29 332
9 30 391
9 31 349
9 32 338
9 33 405
9 34 286
9 35 382
9 36 301
9 37 307
9 38 348
9 39 477
9 40 340
9 41 258
9 42 443
9 43 461
9 44 394
9 45 286
9 46 268
9 47 355
9 48 256
9 49 299
9 50 327
9 51 264
9 52 319
9 53 269
9 54 264
9 55 345
9 56 259
9 57 289
9 58 288
9 59 299
9 60 426
9 61 489
9 62 430
9 63 282
9 64 335
9 65 278
9 66 353
9 67 441
9 68 363
9 69 313
9 70 454
9 71 438
9 72 341
9 73 392
9 74 275
9 75 500
9 76 491
9 77 335
9 78 381
9 79 273
9 80 322
9 81 465
9 82 389
9 83 480
9 84 452
9 85 274
9 86 286
9 87 279
9 88 323
9 89 262
9 90 396
9 91 408
9 92 488
9 93 289
9 94 367
9 95 489
9 96 405
9 97 493
9 98 364
9 99 325
10 1 494
10 2 449
10 3 307
10 4 258
10 5 391
10 6 258
10 7 464
10 8 416
10 9 308
10 11 335
10 12 454
10 13 267
10 14 322
10 15 314
10 16 375
10 17 483
10 18 358
10 19 286
10 20 400
10 21 271
10 22 296
10 23 294
10 24 320
10 25 492
10 26 407
10 27 375
10 28 275
10 29 354
10 30 460
10 31 368
10 32 407
10 33 460
10 34 274
10 35 489
10 36 482
10 37 303
10 38 306
10 39 356
10 40 324
10 41 278
10 42 274
10 43 395
10 44 330
10 45 290
10 46 271
10 47 423
10 48 437
10 49 262
10 50 440
10 51 312
10 52 289
10 53 427
10 54 408
10 55 448
10 56 308
10 57 375
10 58 498
10 59 373
10 60 451
10 61 481
10 62 412
10 63 489
10 64 456
10 65 329
10 66 266
10 67 473
10 68 325
10 69 325
10 70 416
10 71 455
10 72 422
10 73 284
10 74 480
10 75 253
10 76 440
10 77 416
10 78 272
10 79 390
10 80 393
10 81 338
10 82 293
10 83 299
10 84 277
10 85 459
10 86 310
10 87 277
10 88 456
10 89 466
10 90 286
10 91 405
10 92 392
10 93 318
10 94 438
10 95 308
10 96 406
10 97 399
10 98 415
10 99 320
11 1 417
11 2 252
11 3 494
11 4 379
11 5 324
11 6 473
11 7 252
11 8 468
11 9 287
11 10 335
11 12 450
11 13 329
11 14 277
11 15 475
11 16 493
11 17 409
11 18 421
11 19 383
11 20 313
11 21 362
11 22 417
11 23 449
11 24 493
11 25 362
11 26 307
11 27 462
11 28 271
11 29 442
11 30 321
11 31 405
11 32 279
11 33 346
11 34 490
11 35 389
11 36 329
11 37 500
11 38 492
11 39 284
11 40 426
11 41 398
11 42 420
11 43 435
11 44 395
11 45 431
11 46 428
11 47 315
11 48 455
11 49 275
11 50 456
11 51 315
11 52 282
11 53 304
11 54 387
11 55 371
11 56 396
11 57 456
11 58 311
11 59 412
11 60 312
11 61 494
11 62 345
11 63 269
11 64 465
11 65 273
11 66 480
11 67 454
11 68 347
11 69 491
11 70 396
11 71 353
11 72 358
11 73 481
11 74 352
11 75 497
11 76 303
11 77 477
11 78 415
11 79 447
11 80 283
11 81 384
11 82 500
11 83 437
11 84 301
11 85 416
11 86 268
11 87 413
11 88 306
11 89 407
11 90 279
11 91 358
11 92 288
11 93 278
11 94 303
11 95 318
11 96 466
11 97 366
11 98 326
11 99 257
12 1 464
12 2 493
12 3 416
12 4 338
12 5 269
12 6 384
12 7 358
12 8 392
12 9 371
12 10 454
12 11 450
12 13 384
12 14 381
12 15 368
12 16 326
12 17 366
12 18 395
12 19 470
12 20 488
12 21 346
12 22 388
12 23 297
12 24 283
12 25 267
12 26 304
12 27 334
12 28 482
12 29 333
12 30 487
12 31 340
12 32 339
12 33 458
12 34 493
12 35 329
12 36 448
12 37 284
12 38 435
12 39 467
12 40 369
12 41 375
12 42 271
12 43 270
12 44 467
12 45 428
12 46 432
12 47 321
12 48 378
12 49 308
12 50 456
12 51 333
12 52 333
12 53 483
12 54 356
12 55 276
12 56 332
12 57 328
12 58 387
12 59 451
12 60 453
12 61 428
12 62 323
12 63 328
12 64 361
12 65 267
12 66 340
12 67 375
12 68 398
12 69 413
12 70 408
12 71 478
12 72 279
12 73 402
12 74 429
12 75 450
12 76 479
12 77 342
12 78 462
12 79 291
12 80 278
12 81 492
12 82 349
12 83 361
12 84 323
12 85 285
12 86 378
12 87 388
12 88 381
12 89 431
12 90 378
12 91 260
12 92 492
12 93 350
12 94 404
12 95 362
12 96 283
12 97 414
12 98 420
12 99 332
13 1 345
13 2 412
13 3 283
13 4 273
13 5 357
13 6 314
13 7 284
13 8 313
13 9 460
13 10 267
13 11 329
13 12 384
13 14 381
13 15 260
13 16 485
13 17 294
13 18 289
13 19 250
13 20 331
13 21 443
13 22 382
13 23 350
13 24 329
13 25 388
13 26 279
13 27 412
13 28 489
13 29 496
13 30 464
13 31 457
13 32 326
13 33 459
13 34 418
13 35 326
13 36 443
13 37 345
13 38 430
13 39 464
13 40 279
13 41 355
13 42 447
13 43 382
13 44 444
13 45 353
13 46 452
13 47 460
13 48 278
13 49 255
13 50 486
13 51 480
13 52 432
13 53 307
13 54 269
13 55 388
13 56 402
13 57 439
13 58 380
13 59 255
13 60 320
13 61 298
13 62 285
13 63 357
13 64 419
13 65 309
13 66 262
13 67 367
13 68 456
13 69 395
13 70 290
13 71 301
13 72 390
13 73 332
13 74 479
13 75 499
13 76 449
13 77 487
13 78 308
13 79 360
13 80 412
13 81 431
13 82 433
13 83 258
13 84 368
13 85 497
13 86 292
13 87 421
13 88 434
13 89 330
13 90 364
13 91 304
13 92 380
13 93 428
13 94 471
13 95 476
13 96 473
13 97 408
13 98 311
13 99 468
14 1 282
14 2 321
14 3 475
14 4 445
14 5 462
14 6 394
14 7 485
14 8 473
14 9 260
14 10 322
14 11 277
14 12 381
14 13 381
14 15 451
14 16 484
14 17 397
14 18 445
14 19 321
14 20 488
14 21 305
14 22 439
14 23 492
14 24 488
14 25 384
14 26 399
14 27 354
14 28 415
14 29 431
14 30 354
14 31 266
14 32 281
14 33 263
14 34 404
14 35 297
14 36 434
14 37 274
14 38 307
14 39 355
14 40 270
14 41 304
14 42 457
14 43 385
14 44 388
14 45 308
14 46 284
14 47 405
14 48 355
14 49 261
14 50 469
14 51 426
14 52 253
14 53 394
14 54 281
14 55 406
14 56 432
14 57 287
14 58 252
14 59 254
14 60 294
14 61 381
14 62 274
14 63 296
14 64 474
14 65 374
14 66 426
14 67 375
14 68 410
14 69 483
14 70 443
14 71 457
14 72 474
14 73 251
14 74 416
14 75 439
14 76 339
14 77 342
14 78 266
14 79 251
14 80 420
14 81 256
14 82 498
14 83 368
14 84 358
14 85 261
14 86 280
14 87 265
14 88 303
14 89 387
14 90 315
14 91 315
14 92 278
14 93 391
14 94 319
14 95 260
14 96 416
14 97 386
14 98 267
14 99 491
15 1 264
15 2 438
15 3 316
15 4 402
15 5 409
15 6 373
15 7 390
15 8 467
15 9 288
15 10 314
15 11 475
15 12 368
15 13 260
15 14 451
15 16 470
15 17 441
15 18 488
15 19 433
15 20 250
15 21 252
15 22 283
15 23 410
15 24 346
15 25 389
15 26 304
15 27 325
15 28 262
15 29 379
15 30 471
15 31 301
15 32 321
15 33 468
15 34 327
15 35 315
15 36 299
15 37 352
15 38 391
15 39 276
15 40 276
15 41 498
15 42 355
15 43 283
15 44 330
15 45 326
15 46 324
15 47 446
15 48 323
15 49 334
15 50 327
15 51 382
15 52 390
15 53 305
15 54 443
15 55 374
15 56 458
15 57 311
15 58 267
15 59 443
15 60 477
15 61 367
15 62 313
15 63 262
15 64 381
15 65 295
15 66 302
15 67 290
15 68 256
15 69 486
15 70 349
15 71 381
15 72 444
15 73 260
15 74 498
15 75 365
15 76 370
15 77 273
15 78 252
15 79 402
15 80 415
15 81 429
15 82 309
15 83 271
15 84 500
15 85 413
15 86 464
15 87 311
15 88 428
15 89 295
15 90 365
15 91 342
15 92 335
15 93 404
15 94 267
15 95 399
15 96 484
15 97 435
15 98 485
15 99 439
16 1 396
16 2 287
16 3 346
16 4 398
16 5 251
16 6 408
16 7 319
16 8 420
16 9 340
16 10 375
16 11 493
16 12 326
16 13 485
16 14 484
16 15 470
16 17 283
16 18 498
16 19 415
16 20 394
16 21 485
16 22 264
16 23 321
16 24 350
16 25 413
16 26 402
16 27 425
16 28 436
16 29 329
16 30 250
16 31 370
16 32 264
16 33 301
16 34 435
16 35 257
16 36 356
16 37 396
16 38 479
16 39 353
16 40 301
16 41 287
16 42 484
16 43 497
16 44 285
16 45 267
16 46 286
16 47 251
16 48 260
16 49 386
16 50 390
16 51 439
16 52 287
16 53 304
16 54 389
16 55 498
16 56 439
16 57 424
16 58 491
16 59 354
16 60 493
16 61 416
16 62 329
16 63 496
16 64 366
16 65 490
16 66 363
16 67 387
16 68 330
16 69 370
16 70 281
16 71 367
16 72 336
16 73 468
16 74 250
16 75 471
16 76 324
16 77 421
16 78 445
16 79 382
16 80 376
16 81 315
16 82 346
16 83 354
16 84 348
16 85 478
16 86 413
16 87 377
16 88 359
16 89 433
16 90 375
16 91 300
16 92 460
16 93 488
16 94 470
16 95 401
16 96 443
16 97 263
16 98 257
16 99 351
17 1 280
17 2 397
17 3 470
17 4 413
17 5 442
17 6 391
17 7 401
17 8 494
17 9 485
17 10 483
17 11 409
17 12 366
17 13 294
17 14 397
17 15 441
17 16 283
17 18 437
17 19 291
17 20 478
17 21 415
17 22 304
17 23 478
17 24 305
17 25 268
17 26 416
17 27 283
17 28 317
17 29 267
17 30 499
17 31 453
17 32 347
17 33 423
17 34 264
17 35 440
17 36 387
17 37 383
17 38 404
17 39 406
17 40 488
17 41 409
17 42 324
17 43 339
17 44 277
17 45 298
17 46 320
17 47 422
17 48 413
17 49 481
17 50 285
17 51 292
17 52 346
17 53 433
17 54 466
17 55 297
17 56 288
17 57 258
17 58 409
17 59 449
17 60 286
17 61 308
17 62 334
17 63 486
17 64 303
17 65 310
17 66 469
17 67 493
17 68 351
17 69 413
17 70 260
17 71 470
17 72 413
17 73 296
17 74 446
17 75 272
17 76 453
17 77 443
17 78 368
17 79 378
17 80 319
17 81 480
17 82 343
17 83 257
17 84 391
17 85 315
17 86 335
17 87 485
17 88 263
17 89 466
17 90 379
17 91 420
17 92 452
17 93 268
17 94 282
17 95 251
17 96 468
17 97 306
17 98 366
17 99 480
18 1 451
18 2 353
18 3 257
18 4 275
18 5 490
18 6 267
18 7 372
18 8 452
18 9 378
18 10 358
18 11 421
18 12 395
18 13 289
18 14 445
18 15 488
18 16 498
18 17 437
18 19 491
18 20 486
18 21 437
18 22 477
18 23 341
18 24 266
18 25 418
18 26 338
18 27 276
18 28 256
18 29 293
18 30 305
18 31 399
18 32 461
18 33 458
18 34 466
18 35 491
18 36 390
18 37 355
18 38 494
18 39 423
18 40 386
18 41 438
18 42 275
18 43 287
18 44 315
18 45 443
18 46 493
18 47 497
18 48 257
18 49 452
18 50 266
18 51 274
18 52 408
18 53 363
18 54 351
18 55 455
18 56 425
18 57 423
18 58 264
18 59 436
18 60 431
18 61 486
18 62 389
18 63 374
18 64 313
18 65 429
18 66 353
18 67 449
18 68 406
18 69 492
18 70 458
18 71 475
18 72 277
18 73 435
18 74 497
18 75 256
18 76 271
18 77 279
18 78 342
18 79 474
18 80 396
18 81 278
18 82 272
18 83 278
18 84 348
18 85 344
18 86 467
18 87 367
18 88 497
18 89 351
18 90 467
18 91 415
18 92 420
18 93 497
18 94 326
18 95 331
18 96 251
18 97 406
18 98 288
18 99 464
19 1 414
19 2 393
19 3 498
19 4 470
19 5 345
19 6 333
19 7 393
19 8 417
19 9 299
19 10 286
19 11 383
19 12 470
19 13 250
19 14 321
19 15 433
19 16 415
19 17 291
19 18 491
19 20 374
19 21 337
19 22 362
19 23 293
19 24 467
19 25 429
19 26 442
19 27 272
19 28 367
19 29 302
19 30 406
19 31 395
19 32 444
19 33 402
19 34 484
19 35 490
19 36 329
19 37 368
19 38 312
19 39 422
19 40 465
19 41 425
19 42 430
19 43 407
19 44 340
19 45 341
19 46 449
19 47 477
19 48 323
19 49 467
19 50 282
19 51 259
19 52 395
19 53 443
19 54 361
19 55 493
19 56 272
19 57 263
19 58 488
19 59 432
19 60 444
19 61 332
19 62 394
19 63 500
19 64 354
19 65 443
19 66 345
19 67 305
19 68 252
19 69 404
19 70 497
19 71 403
19 72 412
19 73 459
19 74 323
19 75 414
19 76 390
19 77 350
19 78 450
19 79 289
19 80 402
19 81 384
19 82 269
19 83 435
19 84 349
19 85 360
19 86 353
19 87 333
19 88 378
19 89 329
19 90 298
19 91 354
19 92 354
19 93 337
19 94 344
19 95 355
19 96 466
19 97 443
19 98 316
19 99 495
20 1 466
20 2 339
20 3 491
20 4 488
20 5 252
20 6 340
20 7 435
20 8 448
20 9 389
20 10 400
20 11 313
20 12 488
20 13 331
20 14 488
20 15 250
20 16 394
20 17 478
20 18 486
20 19 374
20 21 441
20 22 285
20 23 472
20 24 443
20 25 255
20 26 369
20 27 341
20 28 378
20 29 492
20 30 359
20 31 435
20 32 354
20 33 464
20 34 324
20 35 269
20 36 478
20 37 393
20 38 271
20 39 398
20 40 299
20 41 360
20 42 425
20 43 404
20 44 347
20 45 255
20 46 431
20 47 263
20 48 373
20 49 352
20 50 329
20 51 419
20 52 490
20 53 436
20 54 407
20 55 289
20 56 258
20 57 368
20 58 331
20 59 394
20 60 373
20 61 263
20 62 445
20 63 258
20 64 288
20 65 470
20 66 499
20 67 297
20 68 262
20 69 303
20 70 395
20 71 381
20 72 442
20 73 253
20 74 328
20 75 465
20 76 424
20 77 398
20 78 495
20 79 320
20 80 322
20 81 457
20 82 429
20 83 276
20 84 464
20 85 412
20 86 384
20 87 333
20 88 474
20 89 400
20 90 425
20 91 357
20 92 322
20 93 339
20 94 487
20 95 499
20 96 276
20 97 337
20 98 289
20 99 415
21 1 487
21 2 496
21 3 487
21 4 331
21 5 364
21 6 414
21 7 309
21 8 413
21 9 431
21 10 271
21 11 362
21 12 346
21 13 443
21 14 305
21 15 252
21 16 485
21 17 415
21 18 437
21 19 337
21 20 441
21 22 381
21 23 383
21 24 363
21 25 343
21 26 463
21 27 277
21 28 453
21 29 403
21 30 277
21 31 379
21 32 469
21 33 304
21 34 386
21 35 294
21 36 397
21 37 269
21 38 402
21 39 479
21 40 398
21 41 259
21 42 459
21 43 497
21 44 431
21 45 352
21 46 404
21 47 387
21 48 487
21 49 466
21 50 453
21 51 403
21 52 282
21 53 332
21 54 332
21 55 351
21 56 303
21 57 365
21 58 500
21 59 441
21 60 336
21 61 413
21 62 422
21 63 457
21 64 380
21 65 398
21 66 414
21 67 257
21 68 393
21 69 353
21 70 355
21 71 482
21 72 318
21 73 355
21 74 360
21 75 394
21 76 495
21 77 326
21 78 297
21 79 427
21 80 253
21 81 287
21 82 461
21 83 406
21 84 455
21 85 348
21 86 311
21 87 349
21 88 334
21 89 304
21 90 401
21 91 339
21 92 406
21 93 454
21 94 408
21 95 256
21 96 301
21 97 286
21 98 348
21 99 308
22 1 261
22 2 308
22 3 469
22 4 369
22 5 460
22 6 370
22 7 415
22 8 368
22 9 335
22 10 296
22 11 417
22 12 388
22 13 382
22 14 439
22 15 283
22 16 264
22 17 304
22 18 477
22 19 362
22 20 285
22 21 381
22 23 347
22 24 270
22 25 299
22 26 422
22 27 372
22 28 289
22 29 486
22 30 297
22 31 496
22 32 424
22 33 424
22 34 461
22 35 419
22 36 282
22 37 351
22 38 276
22 39 385
22 40 271
22 41 348
22 42 289
22 43 455
22 44 396
22 45 387
22 46 443
22 47 326
22 48 455
22 49 342
22 50 355
22 51 362
22 52 438
22 53 464
22 54 383
22 55 420
22 56 270
22 57 429
22 58 340
22 59 366
22 60 485
22 61 368
22 62 496
22 63 420
22 64 343
22 65 288
22 66 342
22 67 445
22 68 276
22 69 412
22 70 445
22 71 267
22 72 431
22 73 353
22 74 284
22 75 274
22 76 337
22 77 328
22 78 394
22 79 314
22 80 416
22 81 344
22 82 390
22 83 295
22 84 489
22 85 272
22 86 438
22 87 484
22 88 300
22 89 447
22 90 424
22 91 495
22 92 420
22 93 492
22 94 272
22 95 301
22 96 417
22 97 307
22 98 390
22 99 455
23 1 262
23 2 379
23 3 258
23 4 370
23 5 429
23 6 485
23 7 417
23 8 344
23 9 345
23 10 294
23 11 449
23 12 297
23 13 350
23 14 492
23 15 410
23 16 321
23 17 478
23 18 341
23 19 293
23 20 472
23 21 383
23 22 347
23 24 400
23 25 390
23 26 265
23 27 301
23 28 485
23 29 268
23 30 409
23 31 333
23 32 428
23 33 415
23 34 479
23 35 406
23 36 417
23 37 429
23 38 349
23 39 491
23 40 410
23 41 320
23 42 408
23 43 430
23 44 276
23 45 322
23 46 455
23 47 461
23 48 382
23 49 460
23 50 373
23 51 427
23 52 369
23 53 423
23 54 383
23 55 251
23 56 268
23 57 355
23 58 279
23 59 261
23 60 314
23 61 494
23 62 288
23 63 266
23 64 362
23 65 366
23 66 288
23 67 380
23 68 414
23 69 282
23 70 388
23 71 278
23 72 343
23 73 270
23 74 416
23 75 494
23 76 304
23 77 380
23 78 297
23 79 375
23 80 400
23 81 315
23 82 365
23 83 354
23 84 423
23 85 464
23 86 413
23 87 286
23 88 449
23 89 432
23 90 405
23 91 400
23 92 340
23 93 376
23 94 393
23 95 300
23 96 286
23 97 490
23 98 266
23 99 255
24 1 398
24 2 250
24 3 318
24 4 429
24 5 393
24 6 483
24 7 454
24 8 356
24 9 425
24 10 320
24 11 493
24 12 283
24 13 329
24 14 488
24 15 346
24 16 350
24 17 305
24 18 266
24 19 467
24 20 443
24 21 363
24 22 270
24 23 400
24 25 288
24 26 262
24 27 449
24 28 449
24 29 359
24 30 493
24 31 280
24 32 399
24 33 498
24 34 287
24 35 356
24 36 394
24 37 489
24 38 303
24 39 453
24 40 252
24 41 457
24 42 282
24 43 358
24 44 295
24 45 381
24 46 487
24 47 395
24 48 445
24 49 426
24 50 325
24 51 353
24 52 406
24 53 499
24 54 262
24 55 420
24 56 457
24 57 331
24 58 292
24 59 352
24 60 317
24 61 302
24 62 388
24 63 387
24 64 346
24 65 422
24 66 251
24 67 259
24 68 394
24 69 411
24 70 418
24 71 307
24 72 375
24 73 320
24 74 271
24 75 298
24 76 410
24 77 450
24 78 463
24 79 414
24 80 317
24 81 391
24 82 310
24 83 294
24 84 352
24 85 281
24 86 268
24 87 490
24 88 479
24 89 291
24 90 421
24 91 379
24 92 427
24 93 314
24 94 408
24 95 304
24 96 367
24 97 266
24 98 295
24 99 370
25 1 332
25 2 361
25 3 257
25 4 428
25 5 255
25 6 393
25 7 407
25 8 449
25 9 317
25 10 492
25 11 362
25 12 267
25 13 388
25 14 384
25 15 389
25 16 413
25 17 268
25 18 418
25 19 429
25 20 255
25 21 343
25 22 299
25 23 390
25 24 288
25 26 445
25 27 406
25 28 446
25 29 346
25 30 358
25 31 272
25 32 273
25 33 414
25 34 431
25 35 270
25 36 253
25 37 329
25 38 378
25 39 304
25 40 431
25 41 307
25 42 419
25 43 264
25 44 350
25 45 414
25 46 471
25 47 345
25 48 462
25 49 442
25 50 263
25 51 452
25 52 357
25 53 400
25 54 352
25 55 395
25 56 371
25 57 365
25 58 318
25 59 336
25 60 427
25 61 279
25 62 330
25 63 442
25 64 439
25 65 448
25 66 430
25 67 434
25 68 377
25 69 424
25 70 455
25 71 371
25 72 422
25 73 452
25 74 489
25 75 292
25 76 417
25 77 303
25 78 324
25 79 449
25 80 299
25 81 436
25 82 308
25 83 346
25 84 281
25 85 295
25 86 367
25 87 368
25 88 371
25 89 310
25 90 488
25 91 300
25 92 479
25 93 348
25 94 279
25 95 478
25 96 349
25 97 353
25 98 421
25 99 274
26 1 384
26 2 317
26 3 452
26 4 266
26 5 432
26 6 295
26 7 428
26 8 328
26 9 433
26 10 407
26 11 307
26 12 304
26 13 279
26 14 399
26 15 304
26 16 402
26 17 416
26 18 338
26 19 442
26 20 369
26 21 463
26 22 422
26 23 265
26 24 262
26 25 445
26 27 309
26 28 319
26 29 281
26 30 305
26 31 428
26 32 444
26 33 268
26 34 440
26 35 297
26 36 406
26 37 493
26 38 376
26 39 334
26 40 431
26 41 364
26 42 410
26 43 387
26 44 472
26 45 340
26 46 283
26 47 466
26 48 363
26 49 279
26 50 268
26 51 420
26 52 477
26 53 445
26 54 356
26 55 402
26 56 303
26 57 403
26 58 293
26 59 295
26 60 332
26 61 397
26 62 415
26 63 450
26 64 324
26 65 430
26 66 478
26 67 355
26 68 452
26 69 378
26 70 306
26 71 289
26 72 484
26 73 321
26 74 254
26 75 284
26 76 465
26 77 285
26 78 468
26 79 476
26 80 424
26 81 277
26 82 325
26 83 376
26 84 407
26 85 437
26 86 416
26 87 468
26 88 323
26 89 346
26 90 350
26 91 335
26 92 410
26 93 268
26 94 411
26 95 386
26 96 497
26 97 315
26 98 486
26 99 473
27 1 378
27 2 340
27 3 413
27 4 295
27 5 291
27 6 432
27 7 397
27 8 258
27 9 274
27 10 375
27 11 462
27 12 334
27 13 412
27 14 354
27 15 325
27 16 425
27 17 283
27 18 276
27 19 272
27 20 341
27 21 277
27 22 372
27 23 301
27 24 449
27 25 406
27 26 309
27 28 306
27 29 314
27 30 288
27 31 460
27 32 482
27 33 409
27 34 288
27 35 268
27 36 373
27 37 446
27 38 353
27 39 371
27 40 402
27 41 364
27 42 372
27 43 374
27 44 370
27 45 334
27 46 387
27 47 410
27 48 425
27 49 431
27 50 440
27 51 254
27 52 500
27 53 442
27 54 455
27 55 423
27 56 367
27 57 455
27 58 279
27 59 298
27 60 307
27 61 317
27 62 461
27 63 387
27 64 339
27 65 435
27 66 473
27 67 496
27 68 485
27 69 315
27 70 335
27 71 438
27 72 313
27 73 464
27 74 432
27 75 493
27 76 327
27 77 258
27 78 454
27 79 348
27 80 344
27 81 298
27 82 313
27 83 279
27 84 374
27 85 294
27 86 400
27 87 464
27 88 297
27 89 448
27 90 377
27 91 352
27 92 297
27 93 367
27 94 373
27 95 424
27 96 427
27 97 250
27 98 369
27 99 379
28 1 294
28 2 499
28 3 411
28 4 271
28 5 386
28 6 463
28 7 445
28 8 496
28 9 416
28 10 275
28 11 271
28 12 482
28 13 489
28 14 415
28 15 262
28 16 436
28 17 317
28 18 256
28 19 367
28 20 378
28 21 453
28 22 289
28 23 485
28 24 449
28 25 446
28 26 319
28 27 306
28 29 456
28 30 493
28 31 442
28 32 324
28 33 296
28 34 301
28 35 290
28 36 355
28 37 292
28 38 297
28 39 423
28 40 451
28 41 362
28 42 478
28 43 493
28 44 436
28 45 322
28 46 429
28 47 291
28 48 414
28 49 276
28 50 470
28 51 461
28 52 409
28 53 330
28 54 450
28 55 265
28 56 463
28 57 298
28 58 297
28 59 346
28 60 426
28 61 409
28 62 291
28 63 292
28 64 306
28 65 342
28 66 471
28 67 369
28 68 380
28 69 470
28 70 343
28 71 446
28 72 467
28 73 274
28 74 328
28 75 497
28 76 453
28 77 492
28 78 300
28 79 373
28 80 294
28 81 350
28 82 271
28 83 491
28 84 289
28 85 258
28 86 262
28 87 257
28 88 496
28 89 321
28 90 289
28 91 342
28 92 256
28 93 417
28 94 255
28 95 434
28 96 374
28 97 448
28 98 469
28 99 423
29 1 331
29 2 469
29 3 324
29 4 326
29 5 362
29 6 320
29 7 316
29 8 355
29 9 332
29 10 354
29 11 442
29 12 333
29 13 496
29 14 431
29 15 379
29 16 329
29 17 267
29 18 293
29 19 302
29 20 492
29 21 403
29 22 486
29 23 268
29 24 359
29 25 346
29 26 281
29 27 314
29 28 456
29 30 373
29 31 295
29 32 471
29 33 272
29 34 428
29 35 392
29 36 295
29 37 343
29 38 442
29 39 464
29 40 362
29 41 333
29 42 357
29 43 457
29 44 430
29 45 458
29 46 497
29 47 327
29 48 492
29 49 313
29 50 463
29 51 489
29 52 356
29 53 389
29 54 307
29 55 449
29 56 426
29 57 278
29 58 427
29 59 341
29 60 481
29 61 356
29 62 436
29 63 294
29 64 484
29 65 432
29 66 458
29 67 254
29 68 481
29 69 390
29 70 305
29 71 301
29 72 317
29 73 269
29 74 278
29 75 265
29 76 464
29 77 342
29 78 328
29 79 366
29 80 371
29 81 362
29 82 436
29 83 379
29 84 459
29 85 399
29 86 393
29 87 281
29 88 443
29 89 291
29 90 330
29 91 458
29 92 427
29 93 360
29 94 472
29 95 401
29 96 418
29 97 390
29 98 311
29 99 360
30 1 464
30 2 301
30 3 382
30 4 387
30 5 436
30 6 449
30 7 349
30 8 365
30 9 391
30 10 460
30 11 321
30 12 487
30 13 464
30 14 354
30 15 471
30 16 250
30 17 499
30 18 305
30 19 406
30 20 359
30 21 277
30 22 297
30 23 409
30 24 493
30 25 358
30 26 305
30 27 288
30 28 493
30 29 373
30 31 344
30 32 382
30 33 376
30 34 263
30 35 453
30 36 317
30 37 340
30 38 486
30 39 259
30 40 332
30 41 449
30 42 385
30 43 453
30 44 371
30 45 275
30 46 434
30 47 383
30 48 458
30 49 396
30 50 363
30 51 288
30 52 467
30 53 464
30 54 296
30 55 278
30 56 355
30 57 375
30 58 339
30 59 489
30 60 439
30 61 457
30 62 382
30 63 462
30 64 273
30 65 482
30 66 419
30 67 261
30 68 302
30 69 380
30 70 368
30 71 368
30 72 381
30 73 255
30 74 405
30 75 391
30 76 471
30 77 492
30 78 373
30 79 316
30 80 371
30 81 262
30 82 323
30 83 291
30 84 499
30 85 266
30 86 272
30 87 316
30 88 253
30 89 318
30 90 478
30 91 490
30 92 322
30 93 338
30 94 318
30 95 309
30 96 336
30 97 275
30 98 443
30 99 278
31 1 462
31 2 312
31 3 255
31 4 392
31 5 420
31 6 482
31 7 261
31 8 350
31 9 349
31 10 368
31 11 405
31 12 340
31 13 457
31 14 266
31 15 301
31 16 370
31 17 453
31 18 399
31 19 395
31 20 435
31 21 379
31 22 496
31 23 333
31 24 280
31 25 272
31 26 428
31 27 460
31 28 442
31 29 295
31 30 344
31 32 331
31 33 499
31 34 300
31 35 301
31 36 456
31 37 460
31 38 344
31 39 326
31 40 454
31 41 338
31 42 367
31 43 378
31 44 355
31 45 425
31 46 331
31 47 398
31 48 354
31 49 383
31 50 397
31 51 272
31 52 277
31 53 294
31 54 360
31 55 427
31 56 269
31 57 353
31 58 320
31 59 458
31 60 391
31 61 262
31 62 439
31 63 391
31 64 253
31 65 261
31 66 473
31 67 254
31 68 260
31 69 260
31 70 287
31 71 401
31 72 461
31 73 419
31 74 286
31 75 362
31 76 411
31 77 472
31 78 454
31 79 338
31 80 365
31 81 316
31 82 443
31 83 370
31 84 347
31 85 311
31 86 343
31 87 319
31 88 462
31 89 266
31 90 463
31 91 363
31 92 408
31 93 277
31 94 297
31 95 295
31 96 450
31 97 287
31 98 318
31 99 328
32 1 295
32 2 346
32 3 374
32 4 385
32 5 466
32 6 382
32 7 270
32 8 387
32 9 338
32 10 407
32 11 279
32 12 339
32 13 326
32 14 281
32 15 321
32 16 264
32 17 347
32 18 461
32 19 444
32 20 354
32 21 469
32 22 424
32 23 428
32 24 399
32 25 273
32 26 444
32 27 482
32 28 324
32 29 471
32 30 382
32 31 331
32 33 442
32 34 307
32 35 319
32 36 315
32 37 469
32 38 282
32 39 270
32 40 373
32 41 411
32 42 308
32 43 312
32 44 358
32 45 279
32 46 431
32 47 443
32 48 427
32 49 284
32 50 348
32 51 277
32 52 473
32 53 465
32 54 278
32 55 375
32 56 261
32 57 351
32 58 403
32 59 349
32 60 374
32 61 437
32 62 413
32 63 466
32 64 377
32 65 351
32 66 260
32 67 402
32 68 394
32 69 472
32 70 324
32 71 436
32 72 414
32 73 296
32 74 315
32 75 485
32 76 357
32 77 450
32 78 454
32 79 301
32 80 348
32 81 439
32 82 389
32 83 360
32 84 352
32 85 405
32 86 284
32 87 496
32 88 465
32 89 325
32 90 276
32 91 304
32 92 335
32 93 279
32 94 281
32 95 343
32 96 344
32 97 290
32 98 493
32 99 402
33 1 406
33 2 308
33 3 449
33 4 301
33 5 299
33 6 305
33 7 270
33 8 256
33 9 405
33 10 460
33 11 346
33 12 458
33 13 459
33 14 263
33 15 468
33 16 301
33 17 423
33 18 458
33 19 402
33 20 464
33 21 304
33 22 424
33 23 415
33 24 498
33 25 414
33 26 268
33 27 409
33 28 296
33 29 272
33 30 376
33 31 499
33 32 442
33 34 300
33 35 337
33 36 260
33 37 401
33 38 432
33 39 432
33 40 251
33 41 388
33 42 281
33 43 492
33 44 467
33 45 297
33 46 380
33 47 276
33 48 292
33 49 473
33 50 250
33 51 370
33 52 397
33 53 446
33 54 447
33 55 407
33 56 342
33 57 408
33 58 278
33 59 339
33 60 398
33 61 418
33 62 404
33 63 354
33 64 285
33 65 460
33 66 354
33 67 417
33 68 343
33 69 397
33 70 271
33 71 453
33 72 391
33 73 299
33 74 408
33 75 264
33 76 446
33 77 323
33 78 319
33 79 318
33 80 302
33 81 376
33 82 424
33 83 357
33 84 489
33 85 401
33 86 277
33 87 460
33 88 433
33 89 343
33 90 400
33 91 250
33 92 352
33 93 336
33 94 428
33 95 347
33 96 413
33 97 332
33 98 285
33 99 280
34 1 460
34 2 469
34 3 312
34 4 359
34 5 297
34 6 318
34 7 402
34 8 407
34 9 286
34 10 274
34 11 490
34 12 493
34 13 418
34 14 404
34 15 327
34 16 435
34 17 264
34 18 466
34 19 484
34 20 324
34 21 386
34 22 461
34 23 479
34 24 287
34 25 431
34 26 440
34 27 288
34 28 301
34 29 428
34 30 263
34 31 300
34 32 307
34 33 300
34 35 315
34 36 368
34 37 493
34 38 315
34 39 359
34 40 273
34 41 276
34 42 442
34 43 479
34 44 456
34 45 282
34 46 290
34 47 316
34 48 386
34 49 337
34 50 258
34 51 364
34 52 449
34 53 273
34 54 453
34 55 339
34 56 453
34 57 428
34 58 431
34 59 320
34 60 262
34 61 430
34 62 342
34 63 273
34 64 259
34 65 402
34 66 307
34 67 446
34 68 480
34 69 370
34 70 413
34 71 379
34 72 458
34 73 375
34 74 348
34 75 416
34 76 455
34 77 255
34 78 384
34 79 319
34 80 351
34 81 382
34 82 337
34 83 390
34 84 335
34 85 438
34 86 332
34 87 486
34 88 468
34 89 324
34 90 258
34 91 433
34 92 429
34 93 326
34 94 436
34 95 290
34 96 422
34 97 398
34 98 293
34 99 352
35 1 256
35 2 399
35 3 408
35 4 364
35 5 439
35 6 483
35 7 357
35 8 417
35 9 382
35 10 489
35 11 389
35 12 329
35 13 326
35 14 297
35 15 315
35 16 257
35 17 440
35 18 491
35 19 490
35 20 269
35 21 294
35 22 419
35 23 406
35 24 356
35 25 270
35 26 297
35 27 268
35 28 290
35 29 392
35 30 453
35 31 301
35 32 319
35 33 337
35 34 315
35 36 434
35 37 318
35 38 272
35 39 283
35 40 314
35 41 287
35 42 322
35 43 254
35 44 398
35 45 384
35 46 394
35 47 300
35 48 292
35 49 322
35 50 362
35 51 263
35 52 425
35 53 445
35 54 446
35 55 265
35 56 251
35 57 478
35 58 335
35 59 343
35 60 383
35 61 316
35 62 410
35 63 420
35 64 376
35 65 262
35 66 292
35 67 467
35 68 430
35 69 419
35 70 308
35 71 435
35 72 469
35 73 353
35 74 268
35 75 393
35 76 439
35 77 417
35 78 492
35 79 350
35 80 404
35 81 393
35 82 360
35 83 351
35 84 254
35 85 256
35 86 331
35 87 481
35 88 282
35 89 403
35 90 425
35 91 480
35 92 334
35 93 450
35 94 331
35 95 250
35 96 445
35 97 432
35 98 272
35 99 296
36 1 470
36 2 427
36 3 423
36 4 491
36 5 466
36 6 319
36 7 290
36 8 373
36 9 301
36 10 482
36 11 329
36 12 448
36 13 443
36 14 434
36 15 299
36 16 356
36 17 387
36 18 390
36 19 329
36 20 478
36 21 397
36 22 282
36 23 417
36 24 394
36 25 253
36 26 406
36 27 373
36 28 355
36 29 295
36 30 317
36 31 456
36 32 315
36 33 260
36 34 368
36 35 434
36 37 314
36 38 323
36 39 288
36 40 417
36 41 476
36 42 281
36 43 391
36 44 367
36 45 254
36 46 401
36 47 361
36 48 304
36 49 423
36 50 465
36 51 401
36 52 358
36 53 428
36 54 432
36 55 446
36 56 333
36 57 473
36 58 491
36 59 482
36 60 444
36 61 310
36 62 306
36 63 494
36 64 319
36 65 271
36 66 316
36 67 452
36 68 316
36 69 375
36 70 327
36 71 416
36 72 252
36 73 349
36 74 405
36 75 401
36 76 463
36 77 309
36 78 273
36 79 471
36 80 303
36 81 458
36 82 400
36 83 494
36 84 257
36 85 333
36 86 261
36 87 255
36 88 306
36 89 360
36 90 272
36 91 335
36 92 461
36 93 403
36 94 495
36 95 361
36 96 465
36 97 274
36 98 375
36 99 454
37 1 255
37 2 427
37 3 252
37 4 392
37 5 486
37 6 492
37 7 462
37 8 467
37 9 307
37 10 303
37 11 500
37 12 284
37 13 345
37 14 274
37 15 352
37 16 396
37 17 383
37 18 355
37 19 368
37 20 393
37 21 269
37 22 351
37 23 429
37 24 489
37 25 329
37 26 493
37 27 446
37 28 292
37 29 343
37 30 340
37 31 460
37 32 469
37 33 401
37 34 493
37 35 318
37 36 314
37 38 289
37 39 262
37 40 429
37 41 442
37 42 391
37 43 427
37 44 317
37 45 352
37 46 309
37 47 316
37 48 386
37 49 344
37 50 295
37 51 269
37 52 477
37 53 339
37 54 492
37 55 414
37 56 387
37 57 383
37 58 495
37 59 436
37 60 359
37 61 367
37 62 407
37 63 412
37 64 384
37 65 300
37 66 279
37 67 262
37 68 492
37 69 443
37 70 283
37 71 304
37 72 253
37 73 319
37 74 487
37 75 253
37 76 358
37 77 460
37 78 472
37 79 367
37 80 497
37 81 449
37 82 495
37 83 379
37 84 395
37 85 313
37 86 360
37 87 497
37 88 314
37 89 429
37 90 382
37 91 347
37 92 454
37 93 260
37 94 276
37 95 312
37 96 412
37 97 298
37 98 394
37 99 252
38 1 478
38 2 323
38 3 442
38 4 367
38 5 466
38 6 398
38 7 499
38 8 482
38 9 348
38 10 306
38 11 492
38 12 435
38 13 430
38 14 307
38 15 391
38 16 479
38 17 404
38 18 494
38 19 312
38 20 271
38 21 402
38 22 276
38 23 349
38 24 303
38 25 378
38 26 376
38 27 353
38 28 297
38 29 442
38 30 486
38 31 344
38 32 282
38 33 432
38 34 315
38 35 272
38 36 323
38 37 289
38 39 294
38 40 333
38 41 300
38 42 266
38 43 473
38 44 399
38 45 364
38 46 437
38 47 393
38 48 341
38 49 331
38 50 414
38 51 255
38 52 406
38 53 296
38 54 308
38 55 336
38 56 310
38 57 495
38 58 359
38 59 488
38 60 367
38 61 374
38 62 302
38 63 287
38 64 497
38 65 411
38 66 308
38 67 491
38 68 416
38 69 250
38 70 347
38 71 323
38 72 430
38 73 284
38 74 300
38 75 442
38 76 352
38 77 412
38 78 315
38 79 401
38 80 447
38 81 471
38 82 457
38 83 345
38 84 455
38 85 403
38 86 412
38 87 420
38 88 429
38 89 284
38 90 495
38 91 431
38 92 468
38 93 414
38 94 286
38 95 257
38 96 370
38 97 473
38 98 273
38 99 431
39 1 264
39 2 350
39 3 443
39 4 279
39 5 430
39 6 303
39 7 492
39 8 373
39 9 477
39 10 356
39 11 284
39 12 467
39 13 464
39 14 355
39 15 276
39 16 353
39 17 406
39 18 423
39 19 422
39 20 398
39 21 479
39 22 385
39 23 491
39 24 453
39 25 304
39 26 334
39 27 371
39 28 423
39 29 464
39 30 259
39 31 326
39 32 270
39 33 432
39 34 359
39 35 283
39 36 288
39 37 262
39 38 294
39 40 482
39 41 391
39 42 413
39 43 460
39 44 309
39 45 493
39 46 297
39 47 357
39 48 444
39 49 353
39 50 428
39 51 283
39 52 333
39 53 418
39 54 279
39 55 305
39 56 279
39 57 328
39 58 391
39 59 345
39 60 348
39 61 305
39 62 477
39 63 327
39 64 429
39 65 333
39 66 419
39 67 493
39 68 487
39 69 373
39 70 404
39 71 284
39 72 320
39 73 480
39 74 395
39 75 389
39 76 456
39 77 386
39 78 298
39 79 485
39 80 288
39 81 437
39 82 290
39 83 353
39 84 264
39 85 442
39 86 407
39 87 376
39 88 344
39 89 496
39 90 472
39 91 361
39 92 477
39 93 342
39 94 276
39 95 485
39 96 419
39 97 498
39 98 496
39 99 360
40 1 498
40 2 348
40 3 488
40 4 313
40 5 392
40 6 452
40 7 401
40 8 299
40 9 340
40 10 324
40 11 426
40 12 369
40 13 279
40 14 270
40 15 276
40 16 301
40 17 488
40 18 386
40 19 465
40 20 299
40 21 398
40 22 271
40 23 410
40 24 252
40 25 431
40 26 431
40 27 402
40 28 451
40 29 362
40 30 332
40 31 454
40 32 373
40 33 251
40 34 273
40 35 314
40 36 417
40 37 429
40 38 333
40 39 482
40 41 422
40 42 443
40 43 450
40 44 251
40 45 364
40 46 477
40 47 251
40 48 262
40 49 328
40 50 487
40 51 354
40 52 299
40 53 259
40 54 378
40 55 463
40 56 304
40 57 406
40 58 463
40 59 390
40 60 408
40 61 483
40 62 341
40 63 255
40 64 421
40 65 285
40 66 281
40 67 371
40 68 292
40 69 495
40 70 431
40 71 482
40 72 470
40 73 470
40 74 254
40 75 400
40 76 268
40 77 278
40 78 283
40 79 255
40 80 337
40 81 354
40 82 264
40 83 470
40 84 380
40 85 392
40 86 420
40 87 320
40 88 353
40 89 453
40 90 270
40 91 469
40 92 363
40 93 363
40 94 325
40 95 363
40 96 356
40 97 360
40 98 461
40 99 293
41 1 320
41 2 495
41 3 494
41 4 377
41 5 301
41 6 290
41 7 333
41 8 435
41 9 258
41 10 278
41 11 398
41 12 375
41 13 355
41 14 304
41 15 498
41 16 287
41 17 409
41 18 438
41 19 425
41 20 360
41 21 259
41 22 348
41 23 320
41 24 457
41 25 307
41 26 364
41 27 364
41 28 362
41 29 333
41 30 449
41 31 338
41 32 411
41 33 388
41 34 276
41 35 287
41 36 476
41 37 442
41 38 300
41 39 391
41 40 422
41 42 384
41 43 385
41 44 339
41 45 375
41 46 492
41 47 441
41 48 360
41 49 373
41 50 346
41 51 299
41 52 480
41 53 307
41 54 428
41 55 250
41 56 436
41 57 293
41 58 385
41 59 492
41 60 444
41 61 278
41 62 305
41 63 436
41 64 410
41 65 421
41 66 488
41 67 440
41 68 312
41 69 382
41 70 427
41 71 385
41 72 353
41 73 421
41 74 291
41 75 333
41 76 265
41 77 344
41 78 412
41 79 481
41 80 370
41 81 348
41 82 269
41 83 394
41 84 295
41 85 291
41 86 474
41 87 449
41 88 463
41 89 396
41 90 317
41 91 311
41 92 274
41 93 422
41 94 472
41 95 393
41 96 383
41 97 352
41 98 467
41 99 297
42 1 381
42 2 401
42 3 431
42 4 489
42 5 411
42 6 281
42 7 420
42 8 267
42 9 443
42 10 274
42 11 420
42 12 271
42 13 447
42 14 457
42 15 355
42 16 484
42 17 324
42 18 275
