s 3 272
s 4 491
s 5 467
s 6 363
s 7 463
s 9 417
s 12 352
s 22 457
s 23 413
s 24 304
s 27 439
s 28 482
s 29 289
s 31 363
s 32 277
s 35 266
s 36 450
s 39 372
s 41 366
s 42 469
s 48 290
s 52 254
s 53 336
s 55 291
s 61 291
s 62 307
s 65 306
s 67 312
s 68 424
s 69 385
s 71 332
s 73 268
s 74 396
s 75 277
s 76 260
s 77 384
s 80 346
s 81 364
s 85 456
s 86 410
s 87 436
s 90 492
s 91 312
s 92 422
s 93 349
s 96 406
s 98 319
s 103 410
s 105 476
s 108 392
s 109 353
s 112 495
s 114 262
s 115 361
s 116 484
s 119 468
s 120 470
s 125 250
s 129 485
s 131 386
s 132 362
s 133 467
s 136 456
s 137 471
s 138 465
s 139 307
s 141 456
s 143 362
s 145 494
s 149 296
1 4 368
1 5 338
1 7 264
1 8 419
1 9 356
1 11 416
1 12 285
1 13 300
1 15 271
1 18 381
1 20 453
1 22 394
1 23 262
1 24 290
1 27 253
1 28 445
1 29 359
1 31 402
1 32 322
1 33 291
1 34 373
1 36 430
1 37 489
1 39 362
1 40 306
1 41 369
1 42 280
1 43 332
1 45 363
1 49 292
1 50 416
1 53 332
1 54 489
1 56 388
1 57 284
1 58 285
1 59 457
1 62 268
1 63 323
1 70 356
1 74 422
1 75 456
1 76 400
1 78 456
1 82 492
1 84 411
1 86 457
1 88 426
1 89 495
1 90 454
1 94 296
1 95 377
1 97 311
1 98 438
1 99 264
1 101 394
1 106 398
1 107 476
1 109 334
1 111 391
1 113 283
1 116 384
1 120 286
1 122 342
1 123 263
1 125 440
1 131 327
1 132 354
1 133 327
1 135 489
1 136 331
1 137 412
1 138 270
1 139 301
1 140 354
1 141 345
1 142 432
1 143 373
1 146 346
1 149 301
2 5 485
2 6 272
2 7 303
2 10 327
2 12 331
2 14 289
2 15 262
2 16 290
2 18 339
2 19 282
2 21 435
2 23 331
2 24 457
2 26 410
2 28 479
2 30 483
2 32 423
2 33 284
2 35 363
2 36 350
2 40 280
2 42 352
2 46 380
2 53 297
2 54 276
2 57 398
2 58 494
2 60 376
2 61 353
2 62 386
2 63 492
2 65 459
2 66 360
2 68 483
2 70 272
2 71 313
2 72 433
2 76 325
2 81 318
2 82 283
2 83 435
2 85 379
2 87 414
2 88 282
2 90 264
2 94 461
2 97 372
2 98 307
2 99 395
2 101 409
2 102 354
2 104 292
2 106 333
2 107 253
2 109 386
2 112 500
2 115 271
2 116 389
2 117 269
2 119 294
2 120 370
2 121 451
2 122 282
2 123 435
2 125 287
2 126 326
2 128 345
2 132 271
2 136 457
2 137 340
2 138 346
2 143 390
2 144 448
2 146 318
2 147 412
2 148 482
3 6 293
3 11 320
3 12 258
3 13 254
3 15 319
3 20 373
3 25 287
3 28 412
3 29 401
3 31 479
3 32 402
3 33 276
3 35 433
3 37 383
3 40 289
3 42 254
3 44 377
3 47 424
3 51 466
3 56 393
3 57 369
3 60 295
3 61 299
3 66 441
3 67 492
3 70 297
3 72 491
3 74 257
3 77 382
3 78 423
3 79 271
3 82 279
3 83 483
3 84 259
3 87 466
3 90 250
3 92 328
3 93 330
3 96 432
3 97 435
3 99 469
3 101 311
3 102 311
3 104 350
3 105 296
3 106 408
3 107 362
3 108 305
3 109 398
3 110 481
3 111 497
3 115 360
3 117 298
3 118 325
3 120 448
3 122 264
3 123 381
3 128 320
3 129 375
3 130 251
3 135 329
3 136 339
3 137 487
3 140 385
3 143 357
3 144 398
3 148 420
4 1 368
4 6 365
4 11 299
4 12 464
4 13 474
4 16 434
4 17 463
4 18 272
4 19 274
4 20 403
4 21 393
4 22 286
4 25 311
4 28 351
4 32 311
4 33 287
4 34 340
4 36 295
4 37 325
4 38 498
4 40 408
4 42 359
4 43 459
4 45 291
4 46 432
4 48 465
4 50 500
4 52 333
4 55 401
4 58 479
4 60 352
4 61 434
4 62 487
4 63 252
4 66 393
4 67 313
4 68 339
4 71 448
4 72 255
4 75 367
4 77 325
4 78 356
4 82 328
4 83 359
4 84 262
4 85 470
4 86 265
4 88 430
4 89 330
4 90 275
4 94 422
4 95 268
4 97 432
4 100 474
4 101 455
4 102 304
4 103 364
4 104 463
4 105 390
4 106 348
4 107 360
4 108 299
4 109 493
4 110 337
4 111 364
4 114 292
4 115 440
4 116 334
4 117 258
4 118 267
4 122 495
4 123 492
4 124 418
4 125 465
4 126 326
4 128 253
4 129 387
4 134 472
4 135 447
4 136 381
4 138 382
4 141 492
4 144 371
4 145 409
5 1 338
5 2 485
5 8 449
5 9 308
5 10 287
5 12 285
5 13 469
5 20 485
5 21 379
5 22 500
5 23 427
5 24 406
5 25 467
5 26 266
5 29 338
5 30 481
5 31 417
5 32 255
5 39 420
5 42 468
5 44 486
5 45 495
5 46 380
5 47 451
5 50 418
5 54 496
5 55 385
5 56 310
5 57 354
5 60 481
5 61 318
5 64 359
5 65 408
5 66 266
5 67 390
5 68 423
5 69 420
5 70 302
5 71 283
5 73 279
5 75 356
5 77 467
5 80 383
5 83 456
5 87 265
5 90 311
5 91 368
5 92 253
5 98 435
5 99 423
5 101 454
5 103 417
5 105 315
5 106 318
5 108 417
5 110 428
5 111 398
5 117 446
5 118 447
5 119 408
5 120 444
5 122 411
5 123 267
5 125 250
5 126 440
5 127 399
5 129 297
5 130 297
5 131 384
5 133 301
5 140 277
5 142 443
5 143 471
5 145 453
5 147 404
6 2 272
6 3 293
6 4 365
6 9 430
6 10 266
6 13 304
6 19 324
6 20 475
6 21 382
6 24 437
6 27 488
6 28 368
6 29 349
6 30 361
6 32 452
6 34 296
6 42 466
6 45 343
6 46 434
6 47 287
6 49 446
6 51 337
6 52 386
6 54 465
6 55 288
6 57 382
6 60 354
6 61 486
6 62 367
6 63 341
6 72 250
6 73 306
6 74 499
6 75 291
6 76 460
6 77 352
6 79 250
6 80 441
6 81 328
6 82 461
6 85 346
6 87 407
6 88 369
6 89 341
6 90 455
6 91 381
6 98 285
6 100 458
6 102 388
6 103 409
6 104 359
6 107 345
6 108 390
6 109 436
6 111 406
6 112 355
6 114 336
6 115 328
6 117 395
6 118 344
6 119 425
6 120 306
6 123 336
6 124 481
6 126 348
6 127 485
6 129 468
6 130 356
6 133 282
6 137 288
6 138 295
6 141 431
6 143 465
6 144 377
6 146 452
6 148 494
7 1 264
7 2 303
7 9 384
7 11 331
7 18 339
7 20 445
7 22 434
7 23 363
7 25 455
7 26 433
7 27 425
7 28 252
7 30 326
7 33 445
7 34 268
7 35 443
7 40 460
7 43 357
7 44 330
7 45 344
7 49 458
7 51 315
7 52 432
7 56 402
7 58 402
7 64 433
7 68 366
7 69 271
7 71 309
7 72 252
7 73 426
7 77 359
7 81 374
7 87 460
7 88 457
7 90 293
7 91 410
7 93 348
7 95 252
7 96 404
7 98 281
7 100 436
7 101 351
7 102 425
7 103 397
7 104 500
7 105 474
7 106 344
7 107 365
7 108 375
7 111 281
7 112 420
7 113 326
7 114 388
7 116 401
7 117 412
7 119 464
7 120 454
7 122 430
7 126 262
7 127 312
7 129 319
7 131 310
7 132 369
7 134 488
7 141 428
7 142 430
7 144 470
7 145 252
7 146 381
7 148 407
8 1 419
8 5 449
8 10 278
8 11 495
8 12 386
8 13 479
8 16 361
8 17 305
8 19 307
8 21 359
8 22 291
8 24 497
8 29 263
8 30 290
8 32 500
8 33 374
8 35 258
8 37 282
8 38 273
8 40 318
8 41 279
8 43 387
8 45 463
8 49 298
8 50 445
8 53 389
8 54 254
8 55 457
8 56 353
8 57 391
8 60 393
8 61 463
8 62 437
8 64 316
8 66 276
8 67 338
8 68 338
8 69 493
8 70 442
8 74 322
8 79 344
8 80 485
8 84 394
8 85 325
8 86 288
8 91 298
8 92 317
8 93 469
8 98 462
8 99 290
8 100 472
8 101 330
8 103 330
8 105 432
8 106 300
8 107 403
8 108 460
8 110 406
8 112 428
8 113 288
8 114 415
8 116 413
8 118 497
8 121 463
8 123 416
8 126 414
8 127 346
8 129 331
8 133 455
8 135 414
8 136 452
8 137 308
8 139 399
8 144 272
8 145 500
8 147 445
8 148 401
9 1 356
9 5 308
9 6 430
9 7 384
9 10 335
9 13 347
9 15 262
9 16 476
9 17 370
9 20 343
9 23 307
9 24 406
9 25 260
9 26 498
9 31 342
9 35 393
9 38 480
9 40 251
9 44 387
9 45 410
9 49 284
9 50 361
9 51 438
9 52 491
9 56 262
9 57 417
9 59 357
9 60 363
9 63 427
9 66 398
9 67 462
9 70 363
9 71 345
9 73 305
9 74 461
9 79 299
9 83 330
9 84 450
9 85 267
9 86 286
9 89 311
9 91 280
9 92 480
9 93 331
9 99 264
9 103 310
9 105 295
9 108 294
9 111 356
9 113 267
9 114 473
9 116 484
9 118 455
9 119 351
9 120 313
9 126 333
9 134 498
9 135 353
9 136 413
9 137 411
9 138 500
9 139 461
9 140 388
9 146 371
9 148 290
9 149 437
10 2 327
10 5 287
10 6 266
10 8 278
10 9 335
10 11 422
10 12 264
10 14 431
10 15 410
10 16 353
10 17 402
10 18 343
10 19 449
10 21 436
10 22 398
10 25 488
10 27 425
10 28 378
10 29 271
10 30 380
10 31 470
10 32 318
10 36 430
10 40 316
10 42 489
10 43 379
10 46 389
10 49 398
10 52 423
10 55 339
10 57 294
10 59 301
10 60 368
10 62 262
10 63 332
10 64 291
10 65 296
10 66 340
10 69 406
10 70 325
10 71 483
10 75 441
10 77 266
10 80 317
10 82 424
10 85 278
10 88 314
10 90 307
10 92 337
10 93 398
10 95 383
10 99 449
10 100 471
10 103 453
10 108 380
10 109 314
10 110 307
10 112 325
10 118 413
10 119 317
10 120 442
10 121 298
10 122 399
10 123 306
10 125 408
10 126 456
10 127 473
10 128 385
10 130 364
10 131 392
10 132 273
10 133 280
10 134 458
10 135 427
10 137 265
10 140 311
10 141 336
10 142 414
10 143 465
10 144 356
10 145 299
10 146 377
10 147 299
10 148 254
11 1 416
11 3 320
11 4 299
11 7 331
11 8 495
11 10 422
11 12 406
11 13 363
11 15 364
11 18 338
11 19 414
11 21 488
11 22 291
11 23 279
11 25 389
11 28 264
11 29 463
11 33 400
11 35 475
11 36 250
11 39 384
11 40 399
11 41 325
11 45 438
11 46 492
11 50 359
11 52 331
11 53 268
11 54 315
11 57 387
11 62 351
11 63 308
11 66 293
11 67 427
11 68 284
11 70 410
11 72 408
11 74 324
11 75 332
11 76 334
11 77 334
11 79 413
11 84 333
11 85 438
11 86 270
11 87 438
11 88 272
11 90 438
11 91 274
11 92 364
11 93 405
11 98 456
11 101 410
11 103 414
11 104 483
11 108 296
11 111 476
11 114 345
11 116 404
11 120 454
11 121 262
11 122 276
11 123 264
11 127 368
11 128 327
11 129 379
11 130 497
11 131 443
11 132 467
11 133 457
11 134 343
11 138 479
11 139 433
11 140 322
11 142 294
11 145 348
11 146 339
11 147 297
11 148 481
11 149 452
12 1 285
12 2 331
12 3 258
12 4 464
12 5 285
12 8 386
12 10 264
12 11 406
12 13 492
12 17 350
12 18 497
12 19 346
12 20 329
12 25 354
12 26 400
12 28 286
12 30 428
12 33 260
12 35 439
12 36 299
12 37 395
12 41 359
12 42 361
12 43 477
12 45 323
12 46 323
12 47 500
12 50 419
12 51 420
12 53 427
12 54 324
12 55 287
12 56 409
12 60 466
12 61 284
12 66 448
12 69 262
12 70 386
12 72 395
12 74 483
12 75 357
12 78 292
12 79 313
12 80 343
12 83 334
12 84 291
12 86 433
12 87 450
12 88 358
12 91 453
12 92 317
12 94 314
12 95 487
12 97 490
12 98 269
12 99 432
12 102 398
12 105 476
12 106 387
12 107 353
12 109 385
12 111 384
12 115 340
12 119 315
12 121 250
12 123 352
12 124 465
12 125 454
12 128 280
12 129 346
12 131 355
12 132 300
12 134 441
12 139 309
12 141 358
12 144 426
12 145 288
12 146 342
12 147 460
13 1 300
13 3 254
13 4 474
13 5 469
13 6 304
13 8 479
13 9 347
13 11 363
13 12 492
13 15 314
13 16 306
13 19 294
13 21 424
13 22 256
13 23 291
13 25 387
13 27 498
13 28 357
13 29 313
13 31 393
13 32 269
13 36 390
13 37 423
13 39 487
13 40 414
13 41 400
13 43 338
13 44 257
13 49 316
13 50 387
13 54 279
13 59 277
13 63 284
13 66 480
13 67 357
13 70 283
13 71 405
13 73 313
13 77 269
13 78 487
13 82 280
13 83 305
13 84 279
13 85 500
13 86 306
13 93 385
13 94 275
13 97 419
13 98 278
13 101 355
13 102 280
13 103 380
13 104 265
13 105 317
13 106 442
13 108 258
13 109 345
13 113 445
13 114 352
13 116 278
13 117 356
13 121 427
13 124 409
13 126 286
13 127 349
13 128 348
13 131 463
13 132 355
13 133 273
13 136 486
13 137 309
13 138 474
13 139 403
13 140 499
13 143 344
13 144 417
13 145 491
13 146 330
13 148 432
14 2 289
14 10 431
14 16 485
14 17 495
14 20 474
14 23 315
14 24 251
14 27 266
14 29 463
14 30 498
14 31 458
14 33 370
14 34 439
14 39 373
14 43 325
14 45 264
14 46 406
14 50 332
14 57 363
14 58 341
14 59 411
14 60 350
14 64 467
14 65 325
14 66 359
14 68 437
14 70 308
14 77 451
14 79 307
14 80 466
14 83 376
14 84 371
14 85 431
14 86 252
14 87 318
14 88 476
14 89 334
14 90 373
14 94 277
14 98 384
14 99 376
14 101 290
14 103 367
14 104 444
14 105 273
14 109 402
14 111 323
14 118 382
14 121 471
14 123 341
14 125 490
14 131 483
14 132 493
14 134 362
14 136 422
14 141 375
14 144 252
14 146 426
14 148 349
15 1 271
15 2 262
15 3 319
15 9 262
15 10 410
15 11 364
15 13 314
15 16 301
15 18 442
15 19 376
15 20 483
15 22 457
15 24 435
15 26 382
15 27 415
15 29 404
15 31 486
15 35 274
15 36 292
15 40 396
15 42 398
15 44 255
15 45 297
15 47 280
15 48 480
15 50 287
15 51 404
15 52 281
15 53 266
15 57 324
15 58 315
15 63 300
15 65 423
15 66 435
15 67 353
15 69 395
15 70 362
15 71 402
15 72 410
15 76 465
15 77 469
15 78 274
15 80 483
15 84 326
15 86 453
15 87 491
15 88 466
15 89 267
15 91 439
15 94 383
15 97 422
15 100 289
15 101 467
15 103 298
15 104 396
15 105 250
15 106 361
15 107 341
15 111 394
15 113 468
15 114 301
15 118 432
15 122 259
15 126 387
15 127 395
15 130 498
15 131 338
15 132 253
15 133 400
15 134 270
15 137 283
15 138 439
15 141 260
15 145 495
15 146 375
15 148 346
16 2 290
16 4 434
16 8 361
16 9 476
16 10 353
16 13 306
16 14 485
16 15 301
16 19 474
16 21 316
16 22 270
16 26 442
16 27 425
16 28 374
16 29 359
16 33 401
16 34 350
16 36 417
16 40 326
16 41 369
16 42 465
16 43 404
16 44 405
16 45 463
16 48 476
16 52 368
16 55 459
16 56 440
16 58 462
16 59 408
16 60 284
16 61 436
16 64 393
16 65 443
16 66 490
16 67 262
16 68 404
16 69 328
16 70 251
16 71 418
16 73 478
16 75 301
16 76 393
16 77 250
16 78 358
16 79 313
16 81 339
16 86 347
16 87 352
16 88 434
16 89 332
16 90 298
16 91 314
16 92 403
16 100 275
16 102 423
16 103 426
16 105 424
16 107 493
16 113 265
16 114 281
16 116 497
16 117 323
16 119 338
16 120 344
16 121 430
16 123 413
16 124 286
16 128 480
16 129 426
16 130 254
16 131 377
16 132 425
16 135 337
16 136 302
16 137 276
16 139 415
16 141 373
16 144 279
16 145 463
16 146 446
16 147 300
16 148 280
17 4 463
17 8 305
17 9 370
17 10 402
17 12 350
17 14 495
17 19 290
17 24 347
17 25 251
17 26 370
17 27 304
17 31 415
17 33 498
17 35 398
17 37 465
17 38 491
17 39 495
17 40 433
17 41 403
17 47 339
17 48 383
17 49 415
17 51 439
17 52 444
17 53 257
17 55 276
17 58 442
17 59 484
17 61 392
17 62 483
17 63 406
17 64 316
17 65 441
17 69 377
17 70 366
17 71 345
17 74 469
17 76 433
17 77 496
17 78 470
17 81 436
17 82 281
17 84 336
17 85 435
17 87 401
17 89 400
17 90 345
17 91 331
17 92 324
17 93 316
17 95 308
17 99 376
17 100 381
17 101 441
17 102 255
17 103 426
17 105 469
17 106 257
17 107 288
17 114 475
17 116 375
17 117 473
17 118 444
17 119 459
17 120 362
17 122 332
17 123 370
17 125 496
17 128 500
17 129 416
17 130 493
17 133 316
17 134 470
17 135 431
17 136 406
17 138 356
17 139 307
17 142 309
17 147 450
17 148 352
18 1 381
18 2 339
18 4 272
18 7 339
18 10 343
18 11 338
18 12 497
18 15 442
18 22 460
18 23 374
18 25 388
18 26 332
18 28 406
18 29 285
18 30 314
18 32 410
18 33 394
18 34 401
18 36 458
18 37 262
18 41 278
18 42 452
18 43 496
18 44 469
18 45 494
18 48 376
18 49 385
18 52 406
18 53 261
18 55 303
18 56 254
18 58 447
18 59 432
18 60 418
18 63 458
18 66 376
18 69 432
18 72 447
18 73 495
18 75 470
18 78 281
18 79 475
18 82 268
18 84 343
18 85 453
18 88 391
18 90 429
18 91 268
18 92 264
18 93 293
18 94 274
18 96 299
18 97 347
18 98 489
18 100 364
18 102 321
18 104 313
18 105 290
18 106 279
18 107 287
18 110 499
18 111 367
18 113 361
18 117 281
18 118 256
18 123 482
18 126 477
18 127 408
18 128 316
18 130 341
18 133 467
18 138 469
18 139 384
18 140 309
18 142 270
18 146 371
18 147 426
18 148 261
19 2 282
19 4 274
19 6 324
19 8 307
19 10 449
19 11 414
19 12 346
19 13 294
19 15 376
19 16 474
19 17 290
19 23 449
19 26 441
19 28 476
19 30 418
19 31 263
19 33 450
19 35 459
19 36 499
19 37 407
19 38 251
19 40 322
19 45 317
19 46 294
19 47 356
19 49 490
19 50 271
19 51 294
19 55 432
19 56 467
19 60 256
19 62 323
19 64 500
19 66 291
19 67 295
19 71 440
19 72 262
19 76 477
19 77 377
19 79 389
19 81 428
19 82 322
19 84 432
19 85 430
19 86 314
19 91 426
19 93 415
19 99 336
19 102 415
19 103 373
19 105 423
19 109 408
19 110 451
19 111 470
19 112 438
19 113 411
19 114 347
19 116 388
19 120 266
19 121 350
19 122 320
19 124 356
19 130 327
19 131 465
19 132 332
19 139 250
19 140 353
19 141 495
19 142 440
19 144 450
19 145 438
19 146 253
20 1 453
20 3 373
20 4 403
20 5 485
20 6 475
20 7 445
20 9 343
20 12 329
20 14 474
20 15 483
20 21 441
20 22 314
20 23 315
20 27 441
20 28 422
20 29 496
20 33 270
20 37 470
20 40 338
20 41 479
20 42 332
20 43 449
20 45 486
20 46 278
20 47 485
20 51 265
20 52 384
20 54 365
20 55 493
20 57 334
20 61 351
20 67 403
20 76 427
20 77 449
20 79 401
20 82 309
20 84 489
20 85 439
20 89 262
20 93 496
20 95 255
20 96 461
20 97 252
20 103 329
20 105 320
20 106 496
20 107 342
20 108 318
20 110 428
20 111 462
20 112 423
20 114 377
20 116 331
20 117 495
20 121 479
20 123 355
20 125 462
20 126 497
20 127 475
20 135 273
20 140 272
20 141 267
20 142 331
20 144 320
20 145 283
20 147 321
20 149 411
21 2 435
21 4 393
21 5 379
21 6 382
21 8 359
21 10 436
21 11 488
21 13 424
21 16 316
21 20 441
21 22 315
21 24 460
21 25 443
21 27 485
21 28 329
21 29 319
21 30 283
21 31 400
21 32 500
21 35 382
21 36 482
21 37 257
21 40 301
21 42 338
21 43 323
21 46 479
21 48 462
21 49 366
21 50 428
21 54 297
21 56 492
21 59 430
21 60 406
21 65 461
21 66 463
21 67 260
21 68 288
21 69 253
21 70 283
21 71 426
21 72 459
21 73 494
21 75 405
21 76 398
21 78 292
21 79 401
21 80 268
21 82 325
21 83 296
21 87 455
21 88 301
21 89 390
21 92 484
21 93 295
21 94 278
21 95 304
21 101 458
21 102 410
21 104 425
21 105 330
21 108 469
21 112 330
21 113 475
21 115 362
21 117 403
21 118 297
21 119 376
21 120 436
21 121 352
21 124 472
21 126 267
21 130 255
21 131 271
21 134 271
21 135 269
21 138 363
21 141 411
21 142 385
21 146 261
21 148 401
21 149 414
22 1 394
22 4 286
22 5 500
22 7 434
22 8 291
22 10 398
22 11 291
22 13 256
22 15 457
22 16 270
22 18 460
22 20 314
22 21 315
22 24 330
22 25 273
22 26 346
22 27 363
22 28 473
22 31 343
22 33 406
22 38 351
22 39 263
22 40 389
22 41 434
22 42 330
22 43 334
22 46 255
22 48 391
22 49 499
22 50 479
22 53 382
22 57 379
22 58 428
22 59 422
22 60 305
22 61 351
22 62 267
22 63 405
22 66 366
22 68 274
22 72 315
22 73 388
22 75 285
22 76 315
22 80 263
22 82 448
22 83 325
22 84 440
22 87 320
22 88 309
22 96 334
22 97 448
22 98 290
22 100 251
22 102 339
22 104 250
22 105 449
22 107 267
22 110 269
22 111 460
22 112 367
22 117 307
22 118 301
22 119 361
22 120 437
22 121 250
22 124 278
22 126 404
22 127 304
22 135 448
22 137 342
22 142 456
22 143 498
22 144 330
22 147 436
22 149 256
23 1 262
23 2 331
23 5 427
23 7 363
23 9 307
23 11 279
23 13 291
23 14 315
23 18 374
23 19 449
23 20 315
23 26 376
23 27 265
23 29 277
23 30 251
23 32 274
23 33 269
23 34 350
23 36 442
23 42 362
23 43 487
23 47 492
23 48 333
23 50 329
23 55 370
23 60 472
23 63 433
23 64 306
23 66 287
23 67 471
23 68 378
23 72 399
23 75 264
23 76 470
23 77 344
23 89 387
23 93 493
23 94 369
23 96 252
23 97 352
23 103 416
23 106 277
23 107 331
23 109 493
23 112 499
23 116 397
23 120 462
23 122 302
23 126 480
23 128 494
23 130 276
23 136 476
23 137 253
23 138 365
23 141 347
23 142 378
23 144 492
23 147 337
24 1 290
24 2 457
24 5 406
24 6 437
24 8 497
24 9 406
24 14 251
24 15 435
24 17 347
24 21 460
24 22 330
24 25 465
24 28 270
24 29 256
24 30 479
24 32 365
24 33 365
24 36 385
24 37 478
24 39 335
24 41 329
24 42 469
24 44 349
24 45 492
24 47 333
24 53 291
24 54 320
24 55 500
24 57 493
24 58 265
24 60 445
24 61 297
24 63 278
24 64 438
24 65 497
24 68 366
24 69 251
24 70 310
24 77 437
24 78 322
24 80 278
24 81 438
24 82 426
24 84 449
24 87 468
24 88 411
24 89 290
24 90 417
24 92 265
24 93 493
24 94 281
24 95 312
24 96 480
24 98 347
24 99 385
24 102 456
24 103 425
24 104 483
24 107 415
24 108 365
24 110 326
24 111 375
24 112 320
24 114 446
24 116 268
24 117 421
24 118 444
24 122 255
24 124 338
24 125 398
24 127 427
24 128 401
24 131 360
24 134 497
24 136 376
24 137 440
24 138 252
24 142 402
24 143 500
24 144 447
24 145 483
24 146 478
24 149 350
25 3 287
25 4 311
25 5 467
25 7 455
25 9 260
25 10 488
25 11 389
25 12 354
25 13 387
25 17 251
25 18 388
25 21 443
25 22 273
25 24 465
25 29 387
25 36 295
25 38 440
25 39 392
25 40 472
25 41 266
25 42 370
25 43 337
25 44 459
25 45 443
25 46 287
25 47 424
25 50 480
25 52 299
25 58 313
25 59 277
25 60 375
25 62 341
25 64 271
25 66 475
25 69 329
25 70 256
25 72 364
25 74 265
25 77 329
25 81 484
25 83 348
25 84 355
25 87 486
25 92 482
25 95 389
25 96 466
25 99 399
25 100 414
25 101 354
25 105 472
25 106 479
25 109 372
25 110 318
25 111 360
25 114 250
25 115 348
25 118 314
25 119 356
25 120 251
25 126 358
25 129 463
25 130 493
25 132 291
25 134 395
25 135 294
25 136 311
25 138 382
25 139 304
25 141 455
25 143 318
25 146 378
25 149 439
26 2 410
26 5 266
26 7 433
26 9 498
26 12 400
26 15 382
26 16 442
26 17 370
26 18 332
26 19 441
26 22 346
26 23 376
26 27 267
26 28 385
26 29 440
26 31 307
26 34 406
26 36 443
26 38 309
26 40 315
26 41 498
26 43 402
26 46 336
26 47 381
26 48 337
26 49 466
26 50 467
26 52 377
26 55 287
26 57 443
26 59 257
26 63 333
26 73 489
26 74 329
26 79 497
26 80 480
26 83 469
26 84 432
26 85 282
26 87 417
26 91 264
26 93 256
26 99 367
26 101 439
26 102 253
26 104 380
26 107 426
26 110 389
26 111 424
26 115 488
26 118 384
26 119 362
26 127 472
26 132 358
26 135 301
26 136 294
26 137 288
26 139 492
26 141 497
26 144 414
26 146 486
26 148 256
26 149 465
27 1 253
27 6 488
27 7 425
27 10 425
27 13 498
27 14 266
27 15 415
27 16 425
27 17 304
27 20 441
27 21 485
27 22 363
27 23 265
27 26 267
27 28 281
27 31 437
27 32 478
27 33 389
27 34 390
27 35 427
27 36 263
27 38 487
27 39 417
27 41 352
27 44 421
27 47 267
27 48 324
27 50 267
27 56 365
27 57 494
27 58 437
27 61 438
27 62 286
27 63 320
27 65 284
27 67 385
27 68 373
27 71 472
27 74 336
27 75 307
27 78 335
27 79 485
27 81 420
27 84 424
27 88 426
27 90 443
27 94 343
27 96 267
27 97 416
27 98 325
27 99 447
27 101 407
27 104 364
27 105 490
27 107 279
27 108 303
27 111 320
27 114 420
27 116 381
27 118 457
27 119 468
27 125 289
27 126 259
27 127 392
27 129 371
27 130 437
27 132 473
27 133 425
27 134 456
27 136 361
27 137 294
27 139 387
27 147 356
27 149 425
28 1 445
28 2 479
28 3 412
28 4 351
28 6 368
28 7 252
28 10 378
28 11 264
28 12 286
28 13 357
28 16 374
28 18 406
28 19 476
28 20 422
28 21 329
28 22 473
28 24 270
28 26 385
28 27 281
28 29 437
28 32 340
28 33 430
28 36 353
28 38 301
28 39 271
28 42 481
28 46 321
28 48 318
28 49 311
28 50 258
28 52 331
28 57 404
28 58 421
28 59 425
28 60 457
28 61 346
28 63 320
28 67 430
28 69 398
28 70 335
28 73 375
28 74 429
28 75 371
28 77 321
28 78 455
28 79 314
28 81 262
28 82 278
28 83 428
28 84 389
28 88 372
28 89 496
28 90 285
28 91 376
28 93 494
28 94 414
28 96 427
28 97 322
28 99 416
28 101 474
28 102 411
28 103 443
28 105 296
28 106 481
28 110 416
28 111 277
28 112 253
28 115 273
28 118 421
28 119 308
28 121 344
28 122 489
28 124 293
28 127 385
28 129 376
28 130 493
28 133 377
28 135 403
28 136 421
28 140 423
28 144 433
28 145 295
28 146 399
28 149 290
29 1 359
29 3 401
29 5 338
29 6 349
29 8 263
29 10 271
29 11 463
29 13 313
29 14 463
29 15 404
29 16 359
29 18 285
29 20 496
29 21 319
29 23 277
29 24 256
29 25 387
29 26 440
29 28 437
29 30 316
29 31 386
29 32 389
29 35 378
29 39 381
29 40 463
29 41 395
29 44 496
29 47 378
29 48 297
29 49 421
29 50 462
29 52 450
29 57 250
29 59 360
29 60 437
29 63 323
29 65 300
29 66 306
29 68 462
29 69 324
29 70 489
29 71 320
29 75 414
29 76 278
29 77 325
29 79 499
29 82 465
29 85 340
29 88 374
29 89 255
29 91 473
29 93 283
29 95 315
29 97 398
29 98 298
29 101 394
29 103 383
29 106 316
29 107 399
29 109 375
29 111 379
29 112 476
29 113 290
29 114 453
29 115 422
29 117 385
29 118 460
29 119 256
29 121 391
29 124 397
29 128 385
29 129 257
29 132 420
29 133 314
29 136 419
29 139 499
29 140 417
29 143 433
29 144 285
29 146 443
29 149 369
30 2 483
30 5 481
30 6 361
30 7 326
30 8 290
30 10 380
30 12 428
30 14 498
30 18 314
30 19 418
30 21 283
30 23 251
30 24 479
30 29 316
30 31 447
30 35 471
30 36 281
30 37 459
30 38 437
30 39 466
30 40 273
30 41 340
30 42 338
30 44 358
30 45 422
30 49 467
30 57 427
30 58 418
30 59 432
30 60 419
30 61 499
30 62 284
30 65 304
30 68 402
30 73 468
30 74 402
30 75 314
30 77 490
30 79 447
30 84 319
30 87 273
30 90 425
30 93 450
30 95 486
30 97 296
30 98 495
30 100 355
30 101 366
30 102 421
30 104 493
30 107 435
30 109 281
30 110 344
30 111 414
30 112 481
30 113 271
30 114 340
30 115 264
30 116 319
30 118 280
30 120 382
30 121 409
30 129 320
30 130 323
30 133 369
30 134 388
30 137 459
30 138 384
30 139 318
30 143 460
30 146 446
30 148 345
30 149 423
31 1 402
31 3 479
31 5 417
31 9 342
31 10 470
31 13 393
31 14 458
31 15 486
31 17 415
31 19 263
31 21 400
31 22 343
31 26 307
31 27 437
31 29 386
31 30 447
31 33 382
31 35 480
31 39 410
31 40 468
31 42 308
31 44 429
31 46 476
31 47 257
31 49 295
31 50 433
31 53 450
31 54 268
31 56 406
31 59 437
31 62 279
31 65 463
31 68 464
31 72 472
31 73 486
31 74 426
31 77 498
31 78 266
31 79 475
31 80 273
31 81 484
31 88 362
31 89 449
31 92 294
31 93 430
31 95 365
31 96 392
31 98 287
31 99 295
31 101 463
31 103 355
31 104 364
31 107 276
31 113 337
31 114 350
31 115 250
31 119 423
31 120 310
31 123 473
31 124 457
31 125 420
31 126 293
31 127 296
31 132 343
31 135 494
31 140 313
31 141 306
31 143 294
31 145 308
31 149 266
32 1 322
32 2 423
32 3 402
32 4 311
32 5 255
32 6 452
32 8 500
32 10 318
32 13 269
32 18 410
32 21 500
32 23 274
32 24 365
32 27 478
32 28 340
32 29 389
32 39 338
32 40 421
32 41 388
32 42 414
32 47 461
32 48 371
32 49 459
32 51 253
32 52 299
32 54 283
32 55 472
32 56 475
32 58 433
32 59 399
32 60 484
32 61 341
32 62 397
32 63 251
32 65 284
32 66 300
32 67 429
32 69 429
32 70 448
32 71 474
32 74 396
32 75 359
32 76 277
32 77 341
32 78 434
32 79 392
32 81 328
32 82 257
32 83 407
32 84 297
32 86 428
32 87 489
32 88 289
32 89 428
32 93 500
32 96 492
32 98 365
32 99 453
32 103 301
32 105 403
32 106 411
32 107 436
32 108 408
32 109 284
32 110 500
32 112 461
32 113 372
32 115 407
32 117 258
32 118 402
32 122 409
32 124 457
32 126 254
32 129 295
32 131 484
32 132 395
32 133 441
32 135 277
32 136 280
32 137 450
32 138 436
32 139 421
32 141 352
32 142 331
32 143 335
32 145 335
32 146 376
32 147 396
32 148 468
32 149 480
33 1 291
33 2 284
33 3 276
33 4 287
33 7 445
33 8 374
33 11 400
33 12 260
33 14 370
33 16 401
33 17 498
33 18 394
33 19 450
33 20 270
33 22 406
33 23 269
33 24 365
33 27 389
33 28 430
33 31 382
33 36 314
33 38 298
33 39 256
33 43 347
33 45 376
33 46 334
33 47 346
33 48 381
33 49 500
33 51 310
33 52 474
33 54 362
33 56 277
33 57 338
33 58 321
33 60 433
33 65 406
33 66 337
33 68 355
33 69 339
33 70 423
33 71 444
33 72 474
33 74 500
33 76 371
33 77 352
33 79 336
33 82 404
33 84 338
33 86 347
33 89 414
33 91 331
33 93 275
33 94 406
33 96 496
33 97 334
33 100 266
33 102 274
33 104 485
33 105 344
33 106 428
33 108 490
33 110 361
33 115 474
33 116 387
33 117 298
33 119 436
33 120 429
33 123 411
33 124 423
33 125 484
33 126 484
33 134 455
33 135 412
33 136 379
33 137 365
33 139 313
33 140 255
33 142 303
33 146 329
33 149 346
34 1 373
34 4 340
34 6 296
34 7 268
34 14 439
34 16 350
34 18 401
34 23 350
34 26 406
34 27 390
34 36 495
34 38 469
34 42 330
34 44 279
34 46 451
34 49 470
34 52 366
34 53 483
34 54 365
34 59 374
34 61 466
34 63 276
34 65 369
34 68 430
34 69 323
34 75 277
34 76 266
34 79 435
34 84 495
34 88 349
34 90 495
34 91 319
34 105 287
34 109 286
34 113 272
34 114 430
34 115 297
34 116 283
34 117 326
34 118 292
34 119 448
34 120 264
34 122 358
34 123 357
34 124 438
34 127 354
34 128 486
34 129 327
34 130 405
34 133 375
34 134 342
34 135 359
34 136 263
34 138 396
34 142 276
34 144 480
34 145 479
34 146 373
34 147 362
34 148 299
35 2 363
35 3 433
35 7 443
35 8 258
35 9 393
35 11 475
35 12 439
35 15 274
35 17 398
35 19 459
35 21 382
35 27 427
35 29 378
35 30 471
35 31 480
35 41 375
35 44 449
35 45 446
35 46 378
35 47 427
35 48 463
35 50 327
35 52 370
35 54 289
35 57 364
35 58 372
35 59 299
35 60 425
35 64 435
35 66 311
35 67 464
35 69 416
35 70 449
35 71 348
35 75 323
35 77 284
35 79 481
35 80 421
35 81 347
35 84 453
35 85 277
35 89 382
35 90 495
35 93 254
35 95 479
35 98 443
35 99 291
35 100 257
35 103 485
35 105 429
35 107 455
35 108 337
35 111 351
35 112 372
35 113 493
35 114 467
35 119 432
35 120 401
35 122 458
35 124 326
35 126 294
35 129 465
35 131 323
35 134 268
35 136 277
35 137 344
35 138 345
35 140 465
35 142 422
35 143 368
35 144 438
35 145 452
35 146 406
35 147 360
35 148 490
36 1 430
36 2 350
36 4 295
36 10 430
36 11 250
36 12 299
36 13 390
36 15 292
36 16 417
36 18 458
36 19 499
36 21 482
36 23 442
36 24 385
36 25 295
36 26 443
36 27 263
36 28 353
36 30 281
36 33 314
36 34 495
36 38 457
36 39 391
36 44 483
36 46 260
36 48 389
36 51 455
36 52 423
36 54 417
36 57 465
36 58 316
36 59 252
36 61 379
36 65 435
36 68 359
36 69 329
36 70 287
36 71 290
36 73 297
36 75 251
36 76 364
36 78 393
36 80 308
36 81 415
36 83 411
36 85 416
36 87 488
36 90 378
36 102 260
36 103 400
36 105 420
36 108 484
36 109 444
36 111 273
36 112 309
36 113 392
36 114 425
36 115 388
36 116 261
36 120 384
36 121 452
36 124 377
36 125 261
36 126 380
36 127 354
36 131 318
36 132 355
36 134 350
36 137 442
36 138 298
36 140 402
36 141 408
36 143 430
36 144 372
36 147 454
36 148 277
36 149 295
37 1 489
37 3 383
37 4 325
37 8 282
37 12 395
37 13 423
37 17 465
37 18 262
37 19 407
37 20 470
37 21 257
37 24 478
37 30 459
37 38 405
37 39 379
37 40 311
37 42 438
37 43 365
37 44 445
37 46 344
37 47 427
37 50 495
37 55 415
37 57 271
37 58 341
37 60 365
37 62 258
37 64 481
37 68 433
37 73 442
37 75 486
37 76 481
37 77 348
37 78 302
37 79 292
37 80 399
37 81 355
37 83 314
37 86 461
37 87 466
37 88 383
37 90 459
37 91 439
37 93 451
37 94 458
37 96 267
37 97 318
37 98 355
37 99 354
37 101 288
37 103 286
37 104 351
37 109 270
37 112 393
37 113 310
37 115 303
37 116 346
37 120 479
37 121 299
37 123 298
37 125 488
37 132 447
37 133 368
37 135 285
37 136 260
37 137 383
37 138 281
37 141 475
37 143 476
37 144 444
37 145 375
38 4 498
38 8 273
38 9 480
38 17 491
38 19 251
38 22 351
38 25 440
38 26 309
38 27 487
38 28 301
38 30 437
38 33 298
38 34 469
38 36 457
38 37 405
38 39 374
38 41 497
38 43 273
38 46 484
38 48 321
38 49 315
38 50 407
38 51 269
38 52 361
38 54 310
38 55 301
38 56 317
38 62 282
38 64 327
38 65 469
38 70 498
38 72 311
38 74 427
38 75 487
38 76 272
38 77 489
38 79 425
38 80 298
38 81 327
38 83 454
38 85 470
38 86 260
38 88 471
38 89 369
38 90 374
38 92 485
38 96 311
38 102 447
38 105 288
38 107 448
38 108 425
38 109 433
38 111 474
38 112 432
38 114 458
38 116 330
38 117 352
38 118 359
38 121 345
38 122 258
38 123 371
38 125 391
38 127 347
38 134 400
38 135 447
38 136 461
38 139 292
38 140 381
38 143 325
38 144 301
38 146 495
38 147 466
39 1 362
39 5 420
39 11 384
39 13 487
39 14 373
39 17 495
39 22 263
39 24 335
39 25 392
39 27 417
39 28 271
39 29 381
39 30 466
39 31 410
39 32 338
39 33 256
39 36 391
39 37 379
39 38 374
39 40 484
39 41 340
39 45 354
39 46 293
39 50 438
39 53 309
39 58 339
39 59 454
39 61 441
39 63 419
39 64 479
39 67 287
39 73 488
39 74 456
39 77 332
39 80 342
39 81 421
39 82 388
39 83 383
39 84 339
39 85 447
39 86 318
39 87 496
39 88 250
39 92 452
39 93 274
39 94 466
39 104 265
39 105 352
39 106 330
39 111 378
39 123 494
39 124 443
39 125 263
39 127 349
39 128 271
39 130 319
39 132 415
39 133 328
39 134 403
39 137 391
39 138 290
39 139 421
39 143 401
39 146 345
39 147 417
39 148 390
40 1 306
40 2 280
40 3 289
40 4 408
40 7 460
40 8 318
40 9 251
40 10 316
40 11 399
40 13 414
40 15 396
40 16 326
40 17 433
40 19 322
40 20 338
40 21 301
40 22 389
40 25 472
40 26 315
40 29 463
40 30 273
40 31 468
40 32 421
40 37 311
40 39 484
40 43 360
40 46 335
40 51 348
40 52 484
40 57 353
40 58 395
40 59 468
40 60 440
40 61 395
40 62 285
40 66 258
40 67 450
40 68 440
40 69 445
40 71 470
40 72 424
40 74 492
40 76 415
40 77 271
40 78 497
40 79 255
40 80 368
40 83 318
40 84 338
40 88 272
40 89 363
40 90 469
40 91 498
40 95 303
40 98 433
40 99 417
40 100 342
40 101 454
40 102 452
40 105 409
40 109 498
40 110 320
40 112 344
40 117 260
40 118 463
40 119 369
40 120 459
40 122 295
40 124 329
40 126 304
40 127 449
40 131 411
40 133 315
40 134 253
40 135 420
40 136 328
40 139 396
40 140 317
40 142 396
40 144 342
40 146 380
40 147 357
40 148 265
40 149 370
41 1 369
41 8 279
41 11 325
41 12 359
41 13 400
41 16 369
41 17 403
41 18 278
41 20 479
41 22 434
41 24 329
41 25 266
41 26 498
41 27 352
41 29 395
41 30 340
41 32 388
41 35 375
41 38 497
41 39 340
41 43 387
41 45 438
41 46 396
41 47 398
41 48 407
41 49 251
41 54 282
41 57 330
41 60 460
41 63 418
41 64 259
41 65 446
41 66 450
41 69 304
41 71 274
41 74 288
41 75 384
41 77 385
41 78 470
41 79 305
41 81 351
41 82 283
41 83 454
41 84 440
41 85 284
41 86 464
41 87 454
41 88 416
41 90 400
41 92 342
41 94 442
41 95 336
41 97 250
41 99 290
41 104 383
41 108 270
41 109 371
41 112 483
41 115 434
41 116 454
41 119 467
41 120 368
41 122 424
41 123 445
41 125 286
41 128 372
41 129 402
41 130 485
41 131 333
41 132 301
41 134 474
41 135 321
41 137 288
41 138 408
41 140 474
41 143 386
41 144 377
41 146 484
41 148 353
41 149 402
42 1 280
42 2 352
42 3 254
42 4 359
42 5 468
42 6 466
42 10 489
42 12 361
42 15 398
42 16 465
42 18 452
42 20 332
42 21 338
42 22 330
42 23 362
42 24 469
42 25 370
42 28 481
42 30 338
42 31 308
42 32 414
42 34 330
42 37 438
42 43 319
42 44 380
42 45 350
42 48 252
42 49 356
42 50 345
42 52 390
42 53 375
42 55 444
42 57 408
42 60 468
42 65 316
42 66 383
42 67 447
42 70 486
42 72 272
42 74 480
42 75 454
42 76 443
42 79 481
42 85 278
42 89 429
42 92 432
42 95 458
42 96 410
42 97 375
42 99 490
42 101 261
42 103 398
42 106 345
42 107 397
42 108 384
42 109 458
42 110 252
42 112 445
42 115 298
42 117 274
42 120 408
42 121 431
42 122 363
42 123 304
42 126 369
42 128 444
42 129 402
42 131 443
42 132 362
42 133 476
42 137 417
42 139 369
42 142 474
42 143 304
42 145 392
42 146 486
42 148 341
43 1 332
43 4 459
43 7 357
43 8 387
43 10 379
43 12 477
43 13 338
43 14 325
43 16 404
43 18 496
43 20 449
43 21 323
43 22 334
43 23 487
43 25 337
43 26 402
43 33 347
43 37 365
43 38 273
43 40 360
43 41 387
43 42 319
43 45 329
43 47 452
43 48 424
43 50 378
43 55 427
43 56 500
43 58 366
43 61 423
43 67 305
43 68 411
43 69 337
43 70 471
43 71 478
43 74 335
43 75 308
43 76 490
43 77 378
43 78 350
43 80 320
43 82 448
43 83 372
43 92 493
43 93 373
43 94 428
43 95 410
43 96 434
43 97 408
43 104 297
43 105 440
43 108 272
43 112 252
43 113 271
43 114 377
43 115 339
43 117 352
43 119 411
43 121 260
43 125 328
43 126 422
43 127 252
43 130 406
43 133 402
43 134 293
43 136 487
43 137 358
43 139 440
43 140 280
43 143 298
43 144 342
43 145 439
44 3 377
44 5 486
44 7 330
44 9 387
44 13 257
44 15 255
44 16 405
44 18 469
44 24 349
44 25 459
44 27 421
44 29 496
44 30 358
44 31 429
44 34 279
44 35 449
44 36 483
44 37 445
44 42 380
44 45 344
44 50 335
44 51 471
44 52 437
44 54 500
44 55 461
44 58 369
44 62 473
44 63 393
44 64 436
44 66 464
44 67 292
44 68 279
44 70 351
44 74 340
44 75 362
44 76 342
44 79 395
44 80 379
44 83 311
44 84 394
44 85 301
44 86 459
44 87 391
44 92 424
44 94 316
44 97 428
44 98 345
44 100 418
44 101 427
44 102 263
44 103 307
44 105 262
44 106 395
44 108 280
44 110 329
44 114 343
44 115 275
44 117 326
44 119 462
44 120 360
44 121 347
44 123 414
44 127 428
44 132 311
44 133 349
44 135 375
44 138 270
44 139 471
44 140 415
44 141 432
44 145 255
44 147 316
45 1 363
45 4 291
45 5 495
45 6 343
45 7 344
45 8 463
45 9 410
45 11 438
45 12 323
45 14 264
45 15 297
45 16 463
45 18 494
45 19 317
45 20 486
45 24 492
45 25 443
45 30 422
45 33 376
45 35 446
45 39 354
45 41 438
45 42 350
45 43 329
45 44 344
45 46 279
45 47 287
45 48 299
45 49 452
45 50 430
45 55 388
45 58 309
45 59 385
45 60 295
45 63 412
45 65 305
45 72 454
45 73 428
45 74 391
45 75 251
45 77 396
45 78 407
45 80 281
45 81 263
45 82 490
45 87 391
45 88 436
45 89 416
45 90 273
45 94 279
45 96 362
45 98 330
45 101 393
45 102 401
45 105 434
45 106 412
45 107 463
45 109 298
45 111 311
45 113 326
45 114 278
45 115 288
45 119 385
45 121 260
45 125 331
45 126 312
45 127 395
45 129 431
45 132 422
45 133 295
45 134 487
45 135 320
45 137 478
45 140 295
45 143 308
45 148 413
45 149 489
46 2 380
46 4 432
46 5 380
46 6 434
46 10 389
46 11 492
46 12 323
46 14 406
46 19 294
46 20 278
46 21 479
46 22 255
46 25 287
46 26 336
46 28 321
46 31 476
46 33 334
46 34 451
46 35 378
46 36 260
46 37 344
46 38 484
46 39 293
46 40 335
46 41 396
46 45 279
46 47 277
46 48 270
46 50 258
46 51 470
46 53 455
46 54 442
46 55 287
46 56 485
46 59 452
46 60 332
46 63 255
46 64 363
46 65 408
46 67 473
46 70 470
46 71 456
46 72 498
46 73 443
46 75 326
46 76 365
46 77 290
46 82 410
46 83 463
46 84 316
46 87 475
46 89 327
46 90 472
46 94 341
46 96 407
46 100 432
46 101 405
46 109 268
46 112 378
46 114 366
46 118 474
46 119 482
46 122 334
46 124 376
46 128 379
46 129 483
46 130 372
46 131 421
46 132 375
46 133 473
46 134 283
46 139 485
46 140 429
46 141 317
46 142 390
46 143 343
46 144 319
46 147 347
46 148 457
47 3 424
47 5 451
47 6 287
47 12 500
47 15 280
47 17 339
47 19 356
47 20 485
47 23 492
47 24 333
47 25 424
47 26 381
47 27 267
47 29 378
47 31 257
47 32 461
47 33 346
47 35 427
47 37 427
47 41 398
47 43 452
47 45 287
47 46 277
47 48 290
47 49 392
47 50 321
47 53 310
47 55 437
47 56 287
47 59 338
47 63 354
47 64 283
47 65 250
47 68 341
47 72 450
47 73 351
47 77 355
47 78 477
47 80 458
47 81 274
47 85 331
47 87 312
47 88 450
47 89 282
47 90 408
47 91 250
47 94 454
47 95 390
47 96 269
47 98 289
47 105 288
47 106 336
47 107 393
47 108 439
47 109 448
47 110 488
47 112 291
47 113 271
47 115 366
47 117 497
47 119 268
47 120 476
47 122 327
47 123 270
47 124 272
47 125 445
47 128 337
47 129 466
47 131 282
47 133 494
47 134 281
47 136 353
47 140 417
47 141 258
47 142 444
47 143 449
47 145 333
47 146 278
47 149 373
48 4 465
48 15 480
48 16 476
48 17 383
48 18 376
48 21 462
48 22 391
48 23 333
48 26 337
48 27 324
48 28 318
48 29 297
48 32 371
48 33 381
48 35 463
48 36 389
48 38 321
48 41 407
48 42 252
48 43 424
48 45 299
48 46 270
48 47 290
48 51 492
48 55 354
48 56 311
48 57 485
48 58 391
48 59 321
48 60 374
48 62 483
48 64 351
48 65 450
48 67 266
48 68 259
48 69 447
48 82 265
48 83 380
48 86 466
48 87 252
48 91 454
48 95 436
48 96 451
48 98 356
48 100 291
48 103 265
48 104 320
48 105 275
48 107 300
48 108 397
48 110 312
48 111 426
48 112 440
48 113 326
48 117 308
48 119 274
48 121 350
48 123 489
48 124 445
48 128 261
48 129 324
48 130 458
48 131 348
48 132 434
48 133 355
48 134 413
48 136 290
48 138 286
48 142 463
48 143 266
48 144 276
48 146 309
48 148 251
48 149 419
49 1 292
49 6 446
49 7 458
49 8 298
49 9 284
49 10 398
49 13 316
49 17 415
49 18 385
49 19 490
49 21 366
49 22 499
49 26 466
49 28 311
49 29 421
49 30 467
49 31 295
49 32 459
49 33 500
49 34 470
49 38 315
49 41 251
49 42 356
49 45 452
49 47 392
49 50 270
49 53 308
49 55 291
49 59 457
49 62 270
49 65 435
49 69 396
49 70 319
49 73 290
49 76 393
49 77 499
49 82 490
49 85 456
49 86 334
49 87 346
49 88 459
49 90 252
49 97 352
49 99 303
49 101 492
49 104 282
49 105 478
49 106 288
49 107 276
49 109 411
49 111 395
49 112 321
49 113 449
49 115 250
49 116 360
49 118 411
49 124 422
49 129 373
49 133 483
49 134 399
49 135 337
49 140 459
49 143 476
49 144 261
49 147 274
49 149 493
50 1 416
50 4 500
50 5 418
50 8 445
50 9 361
50 11 359
50 12 419
50 13 387
50 14 332
50 15 287
50 19 271
50 21 428
50 22 479
50 23 329
50 25 480
50 26 467
50 27 267
50 28 258
50 29 462
50 31 433
50 35 327
50 37 495
50 38 407
50 39 438
50 42 345
50 43 378
50 44 335
50 45 430
50 46 258
50 47 321
50 49 270
50 53 442
50 54 306
50 55 316
50 56 399
50 57 327
50 58 474
50 62 397
50 65 384
50 66 286
50 67 420
50 69 406
50 70 492
50 71 414
50 74 333
50 75 289
50 76 365
50 77 284
50 78 497
50 79 444
50 84 308
50 85 303
50 87 451
50 88 394
50 90 360
50 94 393
50 100 456
50 101 465
50 102 348
50 103 333
50 106 294
50 107 299
50 108 439
50 109 427
50 111 424
50 115 264
50 116 257
50 117 331
50 120 473
50 124 359
50 125 377
50 129 369
50 131 367
50 132 413
50 135 262
50 136 327
50 138 354
50 139 495
50 140 253
50 141 458
50 144 464
51 3 466
51 6 337
51 7 315
51 9 438
51 12 420
51 15 404
51 17 439
51 19 294
51 20 265
51 32 253
51 33 310
51 36 455
51 38 269
51 40 348
51 44 471
51 46 470
51 48 492
51 52 257
51 54 352
51 55 280
51 60 483
51 61 455
51 63 449
51 64 368
51 65 319
51 67 278
51 68 351
51 70 283
51 73 471
51 75 479
51 76 401
51 77 398
51 80 374
51 85 318
51 93 442
51 99 354
51 100 331
51 104 459
51 106 494
51 109 487
51 110 452
51 111 497
51 116 294
51 117 360
51 118 439
51 120 279
51 121 359
51 123 352
51 124 472
51 126 328
51 127 253
51 128 371
51 129 284
51 130 410
51 134 339
51 135 485
51 140 355
51 142 283
51 143 271
51 146 268
51 148 264
51 149 494
52 4 333
52 6 386
52 7 432
52 9 491
52 10 423
52 11 331
52 15 281
52 16 368
52 17 444
52 18 406
52 20 384
52 25 299
52 26 377
52 28 331
52 29 450
52 32 299
52 33 474
52 34 366
52 35 370
52 36 423
52 38 361
52 40 484
52 42 390
52 44 437
52 51 257
52 53 254
52 55 369
52 58 331
52 62 457
52 63 425
52 64 423
52 65 313
52 67 417
52 68 254
52 71 336
52 72 457
52 74 367
52 83 414
52 84 358
52 86 438
52 87 356
52 89 440
52 90 380
52 92 432
52 93 468
52 94 486
52 96 434
52 97 391
52 98 345
52 99 485
52 102 461
52 104 493
52 106 319
52 109 415
52 110 355
52 112 425
52 115 463
52 117 463
52 125 375
52 128 466
52 129 478
52 132 353
52 135 472
52 137 390
52 139 284
52 140 436
52 144 294
52 146 391
52 148 464
53 1 332
53 2 297
53 8 389
53 11 268
