s 1 422
s 2 369
s 3 375
s 4 258
s 5 345
s 6 393
s 7 444
s 8 463
s 9 285
s 10 319
s 11 266
s 12 276
s 13 359
s 14 398
s 15 383
s 16 486
s 17 392
s 18 307
s 19 295
s 20 373
s 21 376
s 22 478
s 23 258
s 24 331
s 25 406
s 26 480
s 27 459
s 28 349
s 29 462
s 30 406
s 31 307
s 32 335
s 33 260
s 34 301
s 35 338
s 36 299
s 37 406
s 38 482
s 39 346
s 40 311
s 41 482
s 42 331
s 43 278
s 44 251
s 45 378
s 46 387
s 47 444
s 48 420
s 49 324
s 50 462
s 51 357
s 52 350
s 53 457
s 54 441
s 55 423
s 56 426
s 57 313
s 58 483
s 59 382
s 60 460
s 61 484
s 62 408
s 63 325
s 64 309
s 65 304
s 66 405
s 67 268
s 68 332
s 69 482
s 70 333
s 71 428
s 72 317
s 73 456
s 74 471
s 75 322
s 76 429
s 77 492
s 78 459
s 79 390
s 80 361
s 81 336
s 82 263
s 83 328
s 84 350
s 85 494
s 86 278
s 87 410
s 88 298
s 89 317
s 90 366
s 91 251
s 92 415
s 93 408
s 94 475
s 95 275
s 96 349
s 97 303
s 98 485
s 99 416
1 2 389
1 3 395
1 4 324
1 5 435
1 6 333
1 7 299
1 8 483
1 9 279
1 10 345
1 11 439
1 12 473
1 13 438
1 14 469
1 15 480
1 16 405
1 17 338
1 18 398
1 19 378
1 20 336
1 21 486
1 22 419
1 23 421
1 24 464
1 25 275
1 26 280
1 27 263
1 28 468
1 29 459
1 30 387
1 31 453
1 32 404
1 33 448
1 34 424
1 35 355
1 36 474
1 37 483
1 38 304
1 39 500
1 40 378
1 41 353
1 42 286
1 43 377
1 44 374
1 45 255
1 46 287
1 47 342
1 48 464
1 49 490
1 50 445
1 51 365
1 52 369
1 53 436
1 54 270
1 55 259
1 56 415
1 57 368
1 58 282
1 59 365
1 60 310
1 61 284
1 62 265
1 63 381
1 64 412
1 65 315
1 66 295
1 67 261
1 68 385
1 69 394
1 70 436
1 71 377
1 72 436
1 73 276
1 74 369
1 75 498
1 76 319
1 77 328
1 78 263
1 79 388
1 80 319
1 81 296
1 82 277
1 83 281
1 84 277
1 85 413
1 86 435
1 87 359
1 88 481
1 89 300
1 90 311
1 91 467
1 92 498
1 93 451
1 94 368
1 95 361
1 96 493
1 97 265
1 98 333
1 99 284
2 1 389
2 3 275
2 4 306
2 5 274
2 6 471
2 7 345
2 8 393
2 9 388
2 10 479
2 11 461
2 12 428
2 13 435
2 14 395
2 15 316
2 16 315
2 17 482
2 18 405
2 19 384
2 20 364
2 21 434
2 22 403
2 23 354
2 24 384
2 25 312
2 26 320
2 27 366
2 28 297
2 29 274
2 30 395
2 31 297
2 32 437
2 33 334
2 34 313
2 35 485
2 36 409
2 37 340
2 38 297
2 39 348
2 40 452
2 41 253
2 42 352
2 43 492
2 44 488
2 45 455
2 46 430
2 47 383
2 48 277
2 49 264
2 50 417
2 51 258
2 52 323
2 53 301
2 54 412
2 55 285
2 56 492
2 57 378
2 58 480
2 59 319
2 60 420
2 61 490
2 62 450
2 63 282
2 64 479
2 65 305
2 66 313
2 67 320
2 68 404
2 69 418
2 70 450
2 71 472
2 72 269
2 73 401
2 74 468
2 75 295
2 76 474
2 77 299
2 78 474
2 79 382
2 80 350
2 81 327
2 82 399
2 83 417
2 84 402
2 85 432
2 86 434
2 87 323
2 88 364
2 89 399
2 90 332
2 91 420
2 92 373
2 93 394
2 94 386
2 95 376
2 96 495
2 97 479
2 98 480
2 99 252
3 1 395
3 2 275
3 4 470
3 5 285
3 6 491
3 7 392
3 8 494
3 9 270
3 10 369
3 11 290
3 12 402
3 13 298
3 14 390
3 15 500
3 16 471
3 17 416
3 18 393
3 19 294
3 20 399
3 21 399
3 22 392
3 23 306
3 24 445
3 25 377
3 26 272
3 27 256
3 28 406
3 29 394
3 30 291
3 31 399
3 32 396
3 33 500
3 34 498
3 35 322
3 36 370
3 37 278
3 38 314
3 39 493
3 40 365
3 41 465
3 42 450
3 43 252
3 44 283
3 45 424
3 46 484
3 47 476
3 48 433
3 49 352
3 50 407
3 51 480
3 52 299
3 53 360
3 54 320
3 55 291
3 56 487
3 57 406
3 58 379
3 59 315
3 60 270
3 61 293
3 62 380
3 63 274
3 64 266
3 65 369
3 66 469
3 67 402
3 68 272
3 69 430
3 70 433
3 71 255
3 72 367
3 73 403
3 74 398
3 75 329
3 76 297
3 77 269
3 78 294
3 79 367
3 80 483
3 81 434
3 82 391
3 83 472
3 84 254
3 85 435
3 86 388
3 87 467
3 88 382
3 89 438
3 90 440
3 91 281
3 92 455
3 93 356
3 94 282
3 95 364
3 96 437
3 97 396
3 98 373
3 99 293
4 1 324
4 2 306
4 3 470
4 5 393
4 6 495
4 7 355
4 8 351
4 9 334
4 10 271
4 11 362
4 12 285
4 13 373
4 14 351
4 15 335
4 16 430
4 17 289
4 18 439
4 19 420
4 20 444
4 21 276
4 22 301
4 23 366
4 24 394
4 25 334
4 26 481
4 27 495
4 28 253
4 29 346
4 30 478
4 31 297
4 32 471
4 33 275
4 34 408
4 35 281
4 36 305
4 37 345
4 38 496
4 39 387
4 40 361
4 41 320
4 42 250
4 43 278
4 44 386
4 45 260
4 46 354
4 47 256
4 48 448
4 49 426
4 50 312
4 51 299
4 52 408
4 53 408
4 54 316
4 55 384
4 56 289
4 57 299
4 58 380
4 59 324
4 60 314
4 61 330
4 62 483
4 63 402
4 64 339
4 65 366
4 66 371
4 67 457
4 68 280
4 69 326
4 70 405
4 71 333
4 72 455
4 73 407
4 74 498
4 75 355
4 76 306
4 77 436
4 78 378
4 79 341
4 80 490
4 81 479
4 82 462
4 83 419
4 84 455
4 85 416
4 86 294
4 87 446
4 88 384
4 89 414
4 90 474
4 91 409
4 92 377
4 93 378
4 94 272
4 95 400
4 96 384
4 97 332
4 98 370
4 99 342
5 1 435
5 2 274
5 3 285
5 4 393
5 6 494
5 7 487
5 8 276
5 9 319
5 10 389
5 11 492
5 12 309
5 13 283
5 14 380
5 15 265
5 16 451
5 17 352
5 18 444
5 19 290
5 20 417
5 21 471
5 22 321
5 23 353
5 24 444
5 25 354
5 26 445
5 27 300
5 28 463
5 29 331
5 30 403
5 31 259
5 32 354
5 33 407
5 34 419
5 35 258
5 36 427
5 37 498
5 38 372
5 39 480
5 40 332
5 41 256
5 42 403
5 43 492
5 44 412
5 45 286
5 46 432
5 47 299
5 48 414
5 49 402
5 50 350
5 51 455
5 52 402
5 53 306
5 54 284
5 55 491
5 56 393
5 57 341
5 58 315
5 59 427
5 60 272
5 61 398
5 62 394
5 63 305
5 64 414
5 65 341
5 66 491
5 67 304
5 68 476
5 69 359
5 70 324
5 71 420
5 72 373
5 73 487
5 74 480
5 75 464
5 76 416
5 77 409
5 78 326
5 79 263
5 80 381
5 81 489
5 82 309
5 83 443
5 84 355
5 85 321
5 86 332
5 87 388
5 88 496
5 89 347
5 90 319
5 91 473
5 92 252
5 93 404
5 94 374
5 95 294
5 96 385
5 97 315
5 98 402
5 99 276
6 1 333
6 2 471
6 3 491
6 4 495
6 5 494
6 7 437
6 8 388
6 9 463
6 10 465
6 11 275
6 12 333
6 13 463
6 14 277
6 15 350
6 16 444
6 17 342
6 18 255
6 19 267
6 20 362
6 21 265
6 22 359
6 23 473
6 24 439
6 25 401
6 26 271
6 27 481
6 28 446
6 29 464
6 30 375
6 31 440
6 32 335
6 33 268
6 34 459
6 35 439
6 36 278
6 37 323
6 38 310
6 39 264
6 40 415
6 41 254
6 42 441
6 43 421
6 44 441
6 45 280
6 46 454
6 47 483
6 48 414
6 49 463
6 50 375
6 51 384
6 52 376
6 53 367
6 54 398
6 55 329
6 56 297
6 57 449
6 58 471
6 59 258
6 60 364
6 61 342
6 62 436
6 63 342
6 64 307
6 65 473
6 66 472
6 67 421
6 68 442
6 69 368
6 70 344
6 71 403
6 72 251
6 73 425
6 74 392
6 75 349
6 76 473
6 77 330
6 78 361
6 79 347
6 80 258
6 81 427
6 82 375
6 83 352
6 84 352
6 85 443
6 86 484
6 87 331
6 88 469
6 89 354
6 90 251
6 91 372
6 92 320
6 93 342
6 94 300
6 95 276
6 96 315
6 97 373
6 98 269
6 99 435
7 1 299
7 2 345
7 3 392
7 4 355
7 5 487
7 6 437
7 8 391
7 9 429
7 10 281
7 11 270
7 12 365
7 13 296
7 14 369
7 15 412
7 16 400
7 17 298
7 18 268
7 19 421
7 20 324
7 21 429
7 22 312
7 23 342
7 24 366
7 25 427
7 26 479
7 27 427
7 28 331
7 29 274
7 30 311
7 31 373
7 32 284
7 33 342
7 34 250
7 35 369
7 36 445
7 37 302
7 38 389
7 39 455
7 40 291
7 41 354
7 42 326
7 43 353
7 44 329
7 45 455
7 46 253
7 47 386
7 48 335
7 49 379
7 50 319
7 51 267
7 52 435
7 53 358
7 54 287
7 55 310
7 56 364
7 57 420
7 58 346
7 59 365
7 60 465
7 61 443
7 62 429
7 63 328
7 64 297
7 65 479
7 66 430
7 67 415
7 68 296
7 69 329
7 70 282
7 71 331
7 72 462
7 73 455
7 74 493
7 75 498
7 76 334
7 77 391
7 78 407
7 79 337
7 80 472
7 81 303
7 82 356
7 83 276
7 84 255
7 85 417
7 86 419
7 87 436
7 88 264
7 89 302
7 90 429
7 91 369
7 92 267
7 93 449
7 94 463
7 95 320
7 96 404
7 97 460
7 98 250
7 99 330
8 1 483
8 2 393
8 3 494
8 4 351
8 5 276
8 6 388
8 7 391
8 9 484
8 10 488
8 11 457
8 12 252
8 13 496
8 14 400
8 15 430
8 16 327
8 17 346
8 18 479
8 19 270
8 20 463
8 21 485
8 22 272
8 23 304
8 24 284
8 25 318
8 26 466
8 27 476
8 28 439
8 29 381
8 30 370
8 31 309
8 32 491
8 33 468
8 34 433
8 35 441
8 36 323
8 37 454
8 38 460
8 39 433
8 40 478
8 41 399
8 42 325
8 43 270
8 44 491
8 45 488
8 46 463
8 47 279
8 48 422
8 49 329
8 50 442
8 51 492
8 52 351
8 53 430
8 54 326
8 55 461
8 56 372
8 57 327
8 58 383
8 59 439
8 60 275
8 61 458
8 62 394
8 63 351
8 64 329
8 65 480
8 66 274
8 67 253
8 68 391
8 69 453
8 70 478
8 71 412
8 72 261
8 73 327
8 74 274
8 75 444
8 76 407
8 77 430
8 78 321
8 79 353
8 80 356
8 81 490
8 82 454
8 83 432
8 84 354
8 85 407
8 86 303
8 87 272
8 88 475
8 89 436
8 90 333
8 91 275
8 92 346
8 93 413
8 94 389
8 95 316
8 96 291
8 97 345
8 98 389
8 99 306
9 1 279
9 2 388
9 3 270
9 4 334
9 5 319
9 6 463
9 7 429
9 8 484
9 10 470
9 11 360
9 12 482
9 13 486
9 14 468
9 15 371
9 16 416
9 17 274
9 18 420
9 19 476
9 20 411
9 21 416
9 22 447
9 23 396
9 24 290
9 25 260
9 26 315
9 27 349
9 28 350
9 29 467
9 30 294
9 31 381
9 32 486
9 33 334
9 34 458
9 35 436
9 36 499
9 37 300
9 38 474
9 39 393
9 40 441
9 41 467
9 42 328
9 43 288
9 44 326
9 45 350
9 46 267
9 47 406
9 48 417
9 49 327
9 50 314
9 51 429
9 52 401
9 53 275
9 54 428
9 55 436
9 56 308
9 57 380
9 58 279
9 59 451
9 60 413
9 61 362
9 62 271
9 63 388
9 64 333
9 65 320
9 66 475
9 67 409
9 68 328
9 69 288
9 70 399
9 71 301
9 72 489
9 73 407
9 74 373
9 75 469
9 76 377
9 77 430
9 78 254
9 79 302
9 80 255
9 81 319
9 82 253
9 83 346
9 84 384
9 85 423
9 86 256
9 87 452
9 88 287
9 89 299
9 90 250
9 91 469
9 92 337
9 93 395
9 94 368
9 95 375
9 96 453
9 97 338
9 98 298
9 99 389
10 1 345
10 2 479
10 3 369
10 4 271
10 5 389
10 6 465
10 7 281
10 8 488
10 9 470
10 11 288
10 12 298
10 13 432
10 14 311
10 15 420
10 16 369
10 17 260
10 18 319
10 19 443
10 20 346
10 21 416
10 22 422
10 23 487
10 24 430
10 25 443
10 26 310
10 27 332
10 28 411
10 29 490
10 30 292
10 31 408
10 32 473
10 33 311
10 34 428
10 35 313
10 36 272
10 37 401
10 38 427
10 39 316
10 40 451
10 41 472
10 42 458
10 43 488
10 44 384
10 45 488
10 46 269
10 47 377
10 48 325
10 49 463
10 50 392
10 51 375
10 52 489
10 53 435
10 54 436
10 55 485
10 56 355
10 57 499
10 58 375
10 59 407
10 60 479
10 61 280
10 62 470
10 63 287
10 64 390
10 65 405
10 66 299
10 67 385
10 68 462
10 69 372
10 70 381
10 71 352
10 72 300
10 73 293
10 74 396
10 75 469
10 76 284
10 77 302
10 78 350
10 79 477
10 80 300
10 81 377
10 82 418
10 83 373
10 84 425
10 85 304
10 86 295
10 87 292
10 88 420
10 89 342
10 90 496
10 91 439
10 92 474
10 93 383
10 94 412
10 95 392
10 96 393
10 97 292
10 98 282
10 99 412
11 1 439
11 2 461
11 3 290
11 4 362
11 5 492
11 6 275
11 7 270
11 8 457
11 9 360
11 10 288
11 12 371
11 13 363
11 14 439
11 15 361
11 16 374
11 17 431
11 18 346
11 19 294
11 20 379
11 21 365
11 22 455
11 23 392
11 24 418
11 25 384
11 26 436
11 27 279
11 28 275
11 29 479
11 30 470
11 31 373
11 32 374
11 33 497
11 34 316
11 35 276
11 36 260
11 37 344
11 38 467
11 39 385
11 40 483
11 41 431
11 42 388
11 43 483
11 44 303
11 45 414
11 46 443
11 47 251
11 48 272
11 49 435
11 50 416
11 51 353
11 52 285
11 53 470
11 54 424
11 55 417
11 56 417
11 57 271
11 58 442
11 59 291
11 60 428
11 61 488
11 62 261
11 63 355
11 64 301
11 65 323
11 66 316
11 67 259
11 68 382
11 69 448
11 70 485
11 71 360
11 72 426
11 73 459
11 74 411
11 75 463
11 76 409
11 77 278
11 78 493
11 79 379
11 80 489
11 81 483
11 82 416
11 83 461
11 84 327
11 85 374
11 86 500
11 87 392
11 88 314
11 89 481
11 90 430
11 91 394
11 92 353
11 93 310
11 94 402
11 95 303
11 96 335
11 97 309
11 98 318
11 99 409
12 1 473
12 2 428
12 3 402
12 4 285
12 5 309
12 6 333
12 7 365
12 8 252
12 9 482
12 10 298
12 11 371
12 13 320
12 14 417
12 15 349
12 16 374
12 17 408
12 18 481
12 19 277
12 20 436
12 21 491
12 22 424
12 23 420
12 24 459
12 25 323
12 26 405
12 27 451
12 28 358
12 29 326
12 30 329
12 31 458
12 32 430
12 33 436
12 34 331
12 35 420
12 36 434
12 37 494
12 38 382
12 39 463
12 40 415
12 41 442
12 42 358
12 43 290
12 44 380
12 45 447
12 46 293
12 47 450
12 48 305
12 49 292
12 50 384
12 51 413
12 52 396
12 53 284
12 54 339
12 55 415
12 56 387
12 57 252
12 58 382
12 59 286
12 60 260
12 61 337
12 62 269
12 63 378
12 64 377
12 65 391
12 66 401
12 67 343
12 68 484
12 69 330
12 70 297
12 71 365
12 72 496
12 73 428
12 74 351
12 75 261
12 76 381
12 77 331
12 78 281
12 79 365
12 80 453
12 81 254
12 82 353
12 83 421
12 84 284
12 85 292
12 86 450
12 87 252
12 88 327
12 89 284
12 90 296
12 91 379
12 92 489
12 93 323
12 94 259
12 95 462
12 96 374
12 97 353
12 98 429
12 99 425
13 1 438
13 2 435
13 3 298
13 4 373
13 5 283
13 6 463
13 7 296
13 8 496
13 9 486
13 10 432
13 11 363
13 12 320
13 14 347
13 15 399
13 16 348
13 17 334
13 18 366
13 19 340
13 20 307
13 21 462
13 22 482
13 23 418
13 24 436
13 25 366
13 26 333
13 27 262
13 28 455
13 29 332
13 30 385
13 31 350
13 32 493
13 33 429
13 34 395
13 35 420
13 36 254
13 37 427
13 38 406
13 39 402
13 40 339
13 41 281
13 42 292
13 43 485
13 44 250
13 45 448
13 46 351
13 47 398
13 48 423
13 49 253
13 50 283
13 51 462
13 52 489
13 53 459
13 54 320
13 55 251
13 56 447
13 57 360
13 58 407
13 59 305
13 60 436
13 61 298
13 62 451
13 63 414
13 64 356
13 65 274
13 66 476
13 67 338
13 68 389
13 69 273
13 70 493
13 71 281
13 72 257
13 73 472
13 74 334
13 75 274
13 76 399
13 77 288
13 78 414
13 79 400
13 80 447
13 81 288
13 82 435
13 83 379
13 84 349
13 85 454
13 86 323
13 87 388
13 88 347
13 89 297
13 90 373
13 91 277
13 92 337
13 93 491
13 94 386
13 95 406
13 96 307
13 97 459
13 98 275
13 99 250
14 1 469
14 2 395
14 3 390
14 4 351
14 5 380
14 6 277
14 7 369
14 8 400
14 9 468
14 10 311
14 11 439
14 12 417
14 13 347
14 15 270
14 16 403
14 17 353
14 18 455
14 19 364
14 20 286
14 21 432
14 22 409
14 23 467
14 24 294
14 25 263
14 26 391
14 27 493
14 28 336
14 29 496
14 30 354
14 31 318
14 32 393
14 33 465
14 34 345
14 35 351
14 36 386
14 37 274
14 38 316
14 39 379
14 40 429
14 41 499
14 42 406
14 43 275
14 44 255
14 45 495
14 46 483
14 47 286
14 48 272
14 49 493
14 50 462
14 51 434
14 52 401
14 53 254
14 54 485
14 55 267
14 56 310
14 57 252
14 58 288
14 59 300
14 60 443
14 61 328
14 62 370
14 63 288
14 64 406
14 65 451
14 66 435
14 67 380
14 68 462
14 69 489
14 70 404
14 71 486
14 72 453
14 73 420
14 74 465
14 75 308
14 76 415
14 77 429
14 78 343
14 79 434
14 80 432
14 81 271
14 82 345
14 83 467
14 84 401
14 85 393
14 86 447
14 87 445
14 88 282
14 89 251
14 90 476
14 91 281
14 92 289
14 93 378
14 94 367
14 95 442
14 96 392
14 97 277
14 98 443
14 99 420
15 1 480
15 2 316
15 3 500
15 4 335
15 5 265
15 6 350
15 7 412
15 8 430
15 9 371
15 10 420
15 11 361
15 12 349
15 13 399
15 14 270
15 16 416
15 17 257
15 18 422
15 19 257
15 20 387
15 21 305
15 22 377
15 23 286
15 24 376
15 25 321
15 26 476
15 27 471
15 28 486
15 29 433
15 30 298
15 31 308
15 32 259
15 33 401
15 34 430
15 35 384
15 36 394
15 37 468
15 38 379
15 39 436
15 40 460
15 41 253
15 42 275
15 43 347
15 44 434
15 45 271
15 46 500
15 47 351
15 48 268
15 49 500
15 50 357
15 51 334
15 52 270
15 53 405
15 54 401
15 55 495
15 56 405
15 57 313
15 58 374
15 59 344
15 60 461
15 61 258
15 62 250
15 63 295
15 64 388
15 65 387
15 66 450
15 67 318
15 68 405
15 69 323
15 70 312
15 71 450
15 72 342
15 73 455
15 74 309
15 75 390
15 76 276
15 77 298
15 78 432
15 79 311
15 80 495
15 81 347
15 82 324
15 83 400
15 84 353
15 85 358
15 86 436
15 87 325
15 88 489
15 89 293
15 90 442
15 91 286
15 92 394
15 93 298
15 94 349
15 95 467
15 96 352
15 97 272
15 98 439
15 99 488
16 1 405
16 2 315
16 3 471
16 4 430
16 5 451
16 6 444
16 7 400
16 8 327
16 9 416
16 10 369
16 11 374
16 12 374
16 13 348
16 14 403
16 15 416
16 17 337
16 18 456
16 19 422
16 20 310
16 21 498
16 22 286
16 23 350
16 24 423
16 25 467
16 26 297
16 27 490
16 28 357
16 29 255
16 30 325
16 31 435
16 32 329
16 33 467
16 34 467
16 35 446
16 36 467
16 37 493
16 38 389
16 39 458
16 40 451
16 41 442
16 42 278
16 43 302
16 44 324
16 45 408
16 46 482
16 47 373
16 48 491
16 49 355
16 50 346
16 51 336
16 52 483
16 53 471
16 54 415
16 55 425
16 56 486
16 57 302
16 58 272
16 59 423
16 60 253
16 61 360
16 62 456
16 63 286
16 64 397
16 65 280
16 66 400
16 67 490
16 68 462
16 69 492
16 70 302
16 71 414
16 72 456
16 73 480
16 74 277
16 75 432
16 76 444
16 77 403
16 78 480
16 79 311
16 80 318
16 81 314
16 82 497
16 83 426
16 84 432
16 85 451
16 86 482
16 87 264
16 88 491
16 89 373
16 90 434
16 91 252
16 92 337
16 93 463
16 94 379
16 95 309
16 96 340
16 97 445
16 98 421
16 99 353
17 1 338
17 2 482
17 3 416
17 4 289
17 5 352
17 6 342
17 7 298
17 8 346
17 9 274
17 10 260
17 11 431
17 12 408
17 13 334
17 14 353
17 15 257
17 16 337
17 18 276
17 19 250
17 20 486
17 21 428
17 22 475
17 23 326
17 24 465
17 25 404
17 26 335
17 27 370
17 28 498
17 29 467
17 30 389
17 31 496
17 32 299
17 33 321
17 34 257
17 35 376
17 36 311
17 37 323
17 38 374
17 39 288
17 40 290
17 41 454
17 42 250
17 43 304
17 44 457
17 45 419
17 46 464
17 47 291
17 48 308
17 49 352
17 50 402
17 51 438
17 52 321
17 53 355
17 54 414
17 55 345
17 56 401
17 57 294
17 58 472
17 59 286
17 60 483
17 61 313
17 62 269
17 63 455
17 64 273
17 65 291
17 66 291
17 67 312
17 68 407
17 69 403
17 70 384
17 71 257
17 72 260
17 73 462
17 74 363
17 75 290
17 76 391
17 77 319
17 78 421
17 79 314
17 80 302
17 81 498
17 82 283
17 83 362
17 84 353
17 85 344
17 86 452
17 87 485
17 88 473
17 89 454
17 90 431
17 91 417
17 92 284
17 93 338
17 94 457
17 95 302
17 96 370
17 97 257
17 98 444
17 99 408
18 1 398
18 2 405
18 3 393
18 4 439
18 5 444
18 6 255
18 7 268
18 8 479
18 9 420
18 10 319
18 11 346
18 12 481
18 13 366
18 14 455
18 15 422
18 16 456
18 17 276
18 19 490
18 20 395
18 21 468
18 22 341
18 23 386
18 24 449
18 25 334
18 26 332
18 27 463
18 28 392
18 29 412
18 30 314
18 31 284
18 32 321
18 33 420
18 34 318
18 35 459
18 36 341
18 37 357
18 38 435
18 39 468
18 40 275
18 41 465
18 42 307
18 43 267
18 44 352
18 45 469
18 46 284
18 47 444
18 48 481
18 49 390
18 50 255
18 51 272
18 52 274
18 53 349
18 54 375
18 55 471
18 56 374
18 57 284
18 58 322
18 59 330
18 60 407
18 61 489
18 62 334
18 63 322
18 64 319
18 65 469
18 66 458
18 67 367
18 68 489
18 69 483
18 70 362
18 71 438
18 72 442
18 73 359
18 74 313
18 75 341
18 76 491
18 77 254
18 78 362
18 79 367
18 80 448
18 81 304
18 82 320
18 83 314
18 84 334
18 85 269
18 86 443
18 87 396
18 88 441
18 89 426
18 90 493
18 91 462
18 92 378
18 93 478
18 94 385
18 95 441
18 96 497
18 97 270
18 98 262
18 99 451
19 1 378
19 2 384
19 3 294
19 4 420
19 5 290
19 6 267
19 7 421
19 8 270
19 9 476
19 10 443
19 11 294
19 12 277
19 13 340
19 14 364
19 15 257
19 16 422
19 17 250
19 18 490
19 20 316
19 21 346
19 22 309
19 23 413
19 24 390
19 25 482
19 26 274
19 27 357
19 28 268
19 29 341
19 30 465
19 31 496
19 32 364
19 33 262
19 34 274
19 35 253
19 36 467
19 37 432
19 38 392
19 39 371
19 40 366
19 41 365
19 42 476
19 43 438
19 44 315
19 45 432
19 46 330
19 47 366
19 48 456
19 49 255
19 50 366
19 51 353
19 52 483
19 53 440
19 54 304
19 55 412
19 56 265
19 57 368
19 58 273
19 59 424
19 60 349
19 61 427
19 62 423
19 63 469
19 64 477
19 65 368
19 66 281
19 67 372
19 68 460
19 69 404
19 70 336
19 71 469
19 72 318
19 73 366
19 74 438
19 75 442
19 76 419
19 77 460
19 78 253
19 79 461
19 80 277
19 81 463
19 82 287
19 83 385
19 84 362
19 85 274
19 86 395
19 87 271
19 88 454
19 89 302
19 90 373
19 91 393
19 92 407
19 93 342
19 94 331
19 95 288
19 96 429
19 97 484
19 98 368
19 99 403
20 1 336
20 2 364
20 3 399
20 4 444
20 5 417
20 6 362
20 7 324
20 8 463
20 9 411
20 10 346
20 11 379
20 12 436
20 13 307
20 14 286
20 15 387
20 16 310
20 17 486
20 18 395
20 19 316
20 21 453
20 22 299
20 23 456
20 24 418
20 25 352
20 26 467
20 27 293
20 28 379
20 29 441
20 30 391
20 31 415
20 32 480
20 33 460
20 34 302
20 35 306
20 36 270
20 37 302
20 38 446
20 39 309
20 40 487
20 41 358
20 42 440
20 43 497
20 44 336
20 45 401
20 46 327
20 47 474
20 48 296
20 49 340
20 50 452
20 51 428
20 52 485
20 53 462
20 54 469
20 55 273
20 56 437
20 57 459
20 58 373
20 59 350
20 60 492
20 61 465
20 62 325
20 63 273
20 64 287
20 65 262
20 66 387
20 67 345
20 68 339
20 69 354
20 70 313
20 71 488
20 72 496
20 73 261
20 74 300
20 75 400
20 76 311
20 77 314
20 78 426
20 79 284
20 80 443
20 81 398
20 82 396
20 83 390
20 84 433
20 85 456
20 86 481
20 87 430
20 88 308
20 89 477
20 90 459
20 91 432
20 92 491
20 93 367
20 94 453
20 95 256
20 96 455
20 97 410
20 98 406
20 99 285
21 1 486
21 2 434
21 3 399
21 4 276
21 5 471
21 6 265
21 7 429
21 8 485
21 9 416
21 10 416
21 11 365
21 12 491
21 13 462
21 14 432
21 15 305
21 16 498
21 17 428
21 18 468
21 19 346
21 20 453
21 22 319
21 23 297
21 24 467
21 25 317
21 26 266
21 27 356
21 28 493
21 29 286
21 30 375
21 31 308
21 32 327
21 33 387
21 34 381
21 35 315
21 36 355
21 37 451
21 38 327
21 39 310
21 40 294
21 41 302
21 42 442
21 43 495
21 44 286
21 45 289
21 46 340
21 47 451
21 48 376
21 49 359
21 50 306
21 51 472
21 52 440
21 53 478
21 54 325
21 55 273
21 56 280
21 57 467
21 58 279
21 59 372
21 60 489
21 61 473
21 62 379
21 63 471
21 64 438
21 65 420
21 66 286
21 67 413
21 68 404
21 69 270
21 70 297
21 71 297
21 72 343
21 73 492
21 74 428
21 75 433
21 76 430
21 77 496
21 78 403
21 79 250
21 80 401
21 81 322
21 82 294
21 83 471
21 84 333
21 85 447
21 86 270
21 87 316
21 88 274
21 89 432
21 90 320
21 91 433
21 92 261
21 93 493
21 94 395
21 95 459
21 96 292
21 97 483
21 98 259
21 99 382
22 1 419
22 2 403
22 3 392
22 4 301
22 5 321
22 6 359
22 7 312
22 8 272
22 9 447
22 10 422
22 11 455
22 12 424
22 13 482
22 14 409
22 15 377
22 16 286
22 17 475
22 18 341
22 19 309
22 20 299
22 21 319
22 23 431
22 24 374
22 25 329
22 26 350
22 27 256
22 28 293
22 29 265
22 30 426
22 31 500
22 32 265
22 33 290
22 34 320
22 35 387
22 36 349
22 37 382
22 38 470
22 39 493
22 40 397
22 41 397
22 42 451
22 43 432
22 44 254
22 45 278
22 46 313
22 47 480
22 48 494
22 49 413
22 50 452
22 51 367
22 52 393
22 53 459
22 54 308
22 55 357
22 56 267
22 57 306
22 58 473
22 59 297
22 60 459
22 61 274
22 62 384
22 63 459
22 64 358
22 65 379
22 66 451
22 67 317
22 68 499
22 69 262
22 70 398
22 71 380
22 72 442
22 73 360
22 74 366
22 75 381
22 76 370
22 77 447
22 78 440
22 79 293
22 80 339
22 81 424
22 82 484
22 83 360
22 84 498
22 85 361
22 86 302
22 87 489
22 88 366
22 89 271
22 90 364
22 91 319
22 92 264
22 93 292
22 94 414
22 95 296
22 96 369
22 97 292
22 98 311
22 99 364
23 1 421
23 2 354
23 3 306
23 4 366
23 5 353
23 6 473
23 7 342
23 8 304
23 9 396
23 10 487
23 11 392
23 12 420
23 13 418
23 14 467
23 15 286
23 16 350
23 17 326
23 18 386
23 19 413
23 20 456
23 21 297
23 22 431
23 24 355
23 25 382
23 26 415
23 27 481
23 28 355
23 29 313
23 30 471
23 31 486
23 32 456
23 33 458
23 34 464
23 35 320
23 36 254
23 37 280
23 38 390
23 39 325
23 40 332
23 41 331
23 42 451
23 43 442
23 44 409
23 45 427
23 46 395
23 47 493
23 48 361
23 49 320
23 50 428
23 51 279
23 52 403
23 53 282
23 54 444
23 55 301
23 56 427
23 57 377
23 58 456
23 59 417
23 60 306
23 61 406
23 62 335
23 63 279
23 64 275
23 65 280
23 66 278
23 67 474
23 68 409
23 69 437
23 70 337
23 71 440
23 72 434
23 73 313
23 74 449
23 75 393
23 76 355
23 77 474
23 78 451
23 79 252
23 80 313
23 81 448
23 82 422
23 83 312
23 84 446
23 85 415
23 86 381
23 87 284
23 88 285
23 89 310
23 90 486
23 91 282
23 92 444
23 93 365
23 94 326
23 95 260
23 96 467
23 97 354
23 98 477
23 99 416
24 1 464
24 2 384
24 3 445
24 4 394
24 5 444
24 6 439
24 7 366
24 8 284
24 9 290
24 10 430
24 11 418
24 12 459
24 13 436
24 14 294
24 15 376
24 16 423
24 17 465
24 18 449
24 19 390
24 20 418
24 21 467
24 22 374
24 23 355
24 25 370
24 26 275
24 27 465
24 28 267
24 29 354
24 30 331
24 31 484
24 32 343
24 33 468
24 34 253
24 35 272
24 36 373
24 37 419
24 38 474
24 39 433
24 40 267
24 41 382
24 42 385
24 43 422
24 44 354
24 45 275
24 46 439
24 47 263
24 48 363
24 49 371
24 50 348
24 51 382
24 52 471
24 53 260
24 54 400
24 55 379
24 56 428
24 57 495
24 58 254
24 59 413
24 60 459
24 61 385
24 62 362
24 63 357
24 64 319
24 65 310
24 66 416
24 67 489
24 68 400
24 69 278
24 70 433
24 71 360
24 72 280
24 73 442
24 74 383
24 75 285
24 76 314
24 77 423
24 78 482
24 79 320
24 80 464
24 81 310
24 82 321
24 83 415
24 84 356
24 85 452
24 86 384
24 87 253
24 88 270
24 89 302
24 90 338
24 91 465
24 92 387
24 93 254
24 94 263
24 95 439
24 96 351
24 97 304
24 98 265
24 99 435
25 1 275
25 2 312
25 3 377
25 4 334
25 5 354
25 6 401
25 7 427
25 8 318
25 9 260
25 10 443
25 11 384
25 12 323
25 13 366
25 14 263
25 15 321
25 16 467
25 17 404
25 18 334
25 19 482
25 20 352
25 21 317
25 22 329
25 23 382
25 24 370
25 26 397
25 27 270
25 28 391
25 29 467
25 30 339
25 31 499
25 32 359
25 33 363
25 34 440
25 35 294
25 36 479
25 37 428
25 38 314
25 39 465
25 40 464
25 41 362
25 42 488
25 43 499
25 44 340
25 45 414
25 46 341
25 47 430
25 48 478
25 49 272
25 50 469
25 51 274
25 52 270
25 53 461
25 54 315
25 55 390
25 56 390
25 57 360
25 58 296
25 59 273
25 60 383
25 61 436
25 62 393
25 63 416
25 64 328
25 65 399
25 66 269
25 67 473
25 68 320
25 69 478
25 70 376
25 71 428
25 72 406
25 73 348
25 74 315
25 75 491
25 76 393
25 77 461
25 78 449
25 79 307
25 80 396
25 81 439
25 82 360
25 83 444
25 84 353
25 85 402
25 86 374
25 87 498
25 88 330
25 89 425
25 90 376
25 91 425
25 92 487
25 93 411
25 94 457
25 95 421
25 96 442
25 97 473
25 98 274
25 99 498
26 1 280
26 2 320
26 3 272
26 4 481
26 5 445
26 6 271
26 7 479
26 8 466
26 9 315
26 10 310
26 11 436
26 12 405
26 13 333
26 14 391
26 15 476
26 16 297
26 17 335
26 18 332
26 19 274
26 20 467
26 21 266
26 22 350
26 23 415
26 24 275
26 25 397
26 27 329
26 28 482
26 29 491
26 30 494
26 31 499
26 32 255
26 33 333
26 34 369
26 35 415
26 36 314
26 37 255
26 38 475
26 39 472
26 40 429
26 41 284
26 42 342
26 43 458
26 44 481
26 45 463
26 46 315
26 47 285
26 48 331
26 49 341
26 50 376
26 51 445
26 52 336
26 53 400
26 54 295
26 55 423
26 56 396
26 57 494
26 58 418
26 59 499
26 60 415
26 61 494
26 62 334
26 63 405
26 64 289
26 65 470
26 66 396
26 67 492
26 68 350
26 69 339
26 70 440
26 71 495
26 72 282
26 73 461
26 74 471
26 75 290
26 76 334
26 77 317
26 78 411
26 79 435
26 80 432
26 81 415
26 82 390
26 83 459
26 84 428
26 85 439
26 86 457
26 87 327
26 88 418
26 89 357
26 90 251
26 91 287
26 92 367
26 93 279
26 94 305
26 95 421
26 96 313
26 97 401
26 98 445
26 99 272
27 1 263
27 2 366
27 3 256
27 4 495
27 5 300
27 6 481
27 7 427
27 8 476
27 9 349
27 10 332
27 11 279
27 12 451
27 13 262
27 14 493
27 15 471
27 16 490
27 17 370
27 18 463
27 19 357
27 20 293
27 21 356
27 22 256
27 23 481
27 24 465
27 25 270
27 26 329
27 28 320
27 29 422
27 30 361
27 31 275
27 32 471
27 33 250
27 34 425
27 35 308
27 36 321
27 37 350
27 38 360
27 39 338
27 40 353
27 41 390
27 42 317
27 43 472
27 44 362
27 45 371
27 46 298
27 47 290
27 48 412
27 49 474
27 50 419
27 51 323
27 52 407
27 53 418
27 54 380
27 55 490
27 56 488
27 57 444
27 58 394
27 59 260
27 60 496
27 61 340
27 62 464
27 63 421
27 64 298
27 65 460
27 66 487
27 67 494
27 68 265
27 69 262
27 70 474
27 71 404
27 72 401
27 73 401
27 74 473
27 75 323
27 76 477
27 77 312
27 78 414
27 79 419
27 80 293
27 81 483
27 82 476
27 83 401
27 84 334
27 85 325
27 86 410
27 87 391
27 88 449
27 89 387
27 90 425
27 91 424
27 92 472
27 93 380
27 94 398
27 95 429
27 96 382
27 97 481
27 98 274
27 99 463
28 1 468
28 2 297
28 3 406
28 4 253
28 5 463
28 6 446
28 7 331
28 8 439
28 9 350
28 10 411
28 11 275
28 12 358
28 13 455
28 14 336
28 15 486
28 16 357
28 17 498
28 18 392
28 19 268
28 20 379
28 21 493
28 22 293
28 23 355
28 24 267
28 25 391
28 26 482
28 27 320
28 29 371
28 30 386
28 31 390
28 32 372
28 33 358
28 34 328
28 35 268
28 36 316
28 37 316
28 38 322
28 39 341
28 40 285
28 41 375
28 42 433
28 43 378
28 44 477
28 45 253
28 46 434
28 47 310
28 48 351
28 49 398
28 50 337
28 51 412
28 52 369
28 53 263
28 54 465
28 55 267
28 56 298
28 57 438
28 58 464
28 59 376
28 60 486
28 61 404
28 62 434
28 63 408
28 64 478
28 65 255
28 66 423
28 67 434
28 68 419
28 69 313
28 70 331
28 71 307
28 72 259
28 73 256
28 74 483
28 75 342
28 76 360
28 77 467
28 78 297
28 79 386
28 80 292
28 81 423
28 82 371
28 83 469
28 84 335
28 85 500
28 86 280
28 87 299
28 88 474
28 89 450
28 90 334
28 91 431
28 92 468
28 93 480
28 94 491
28 95 434
28 96 463
28 97 343
28 98 452
28 99 431
29 1 459
29 2 274
29 3 394
29 4 346
29 5 331
29 6 464
29 7 274
29 8 381
29 9 467
29 10 490
29 11 479
29 12 326
29 13 332
29 14 496
29 15 433
29 16 255
29 17 467
29 18 412
29 19 341
29 20 441
29 21 286
29 22 265
29 23 313
29 24 354
29 25 467
29 26 491
29 27 422
29 28 371
29 30 492
29 31 499
29 32 458
29 33 430
29 34 383
29 35 397
29 36 356
29 37 254
29 38 431
29 39 344
29 40 426
29 41 345
29 42 430
29 43 298
29 44 271
29 45 469
29 46 378
29 47 460
29 48 497
29 49 302
29 50 302
29 51 394
29 52 466
29 53 489
29 54 390
29 55 421
29 56 470
29 57 415
29 58 435
29 59 476
29 60 288
29 61 325
29 62 341
29 63 476
29 64 435
29 65 493
29 66 444
29 67 349
29 68 272
29 69 431
29 70 425
29 71 353
29 72 262
29 73 317
29 74 430
29 75 259
29 76 315
29 77 274
29 78 430
29 79 473
29 80 369
29 81 258
29 82 442
29 83 293
29 84 439
29 85 392
29 86 419
29 87 488
29 88 255
29 89 260
29 90 335
29 91 444
29 92 437
29 93 423
29 94 373
29 95 490
29 96 442
29 97 413
29 98 359
29 99 314
30 1 387
30 2 395
30 3 291
30 4 478
30 5 403
30 6 375
30 7 311
30 8 370
30 9 294
30 10 292
30 11 470
30 12 329
30 13 385
30 14 354
30 15 298
30 16 325
30 17 389
30 18 314
30 19 465
30 20 391
30 21 375
30 22 426
30 23 471
30 24 331
30 25 339
30 26 494
30 27 361
30 28 386
30 29 492
30 31 303
30 32 472
30 33 285
30 34 275
30 35 453
30 36 495
30 37 264
30 38 449
30 39 468
30 40 442
30 41 254
30 42 461
30 43 374
30 44 339
30 45 292
30 46 499
30 47 403
30 48 307
30 49 272
30 50 284
30 51 362
30 52 371
30 53 257
30 54 284
30 55 466
30 56 361
30 57 423
30 58 312
30 59 477
30 60 417
30 61 381
30 62 343
30 63 257
30 64 467
30 65 423
30 66 327
30 67 422
30 68 478
30 69 274
30 70 400
30 71 428
30 72 264
30 73 450
30 74 349
30 75 278
30 76 304
30 77 379
30 78 251
30 79 326
30 80 333
30 81 448
30 82 423
30 83 414
30 84 420
30 85 494
30 86 296
30 87 258
30 88 458
30 89 265
30 90 488
30 91 364
30 92 278
30 93 340
30 94 299
30 95 459
30 96 255
30 97 273
30 98 395
30 99 328
31 1 453
31 2 297
31 3 399
31 4 297
31 5 259
31 6 440
31 7 373
31 8 309
31 9 381
31 10 408
31 11 373
31 12 458
31 13 350
31 14 318
31 15 308
31 16 435
31 17 496
31 18 284
31 19 496
31 20 415
31 21 308
31 22 500
31 23 486
31 24 484
31 25 499
31 26 499
31 27 275
31 28 390
31 29 499
31 30 303
31 32 354
31 33 452
31 34 496
31 35 331
31 36 422
31 37 340
31 38 442
31 39 443
31 40 445
31 41 497
31 42 284
31 43 491
31 44 464
31 45 406
31 46 312
31 47 448
31 48 420
31 49 425
31 50 387
31 51 261
31 52 278
31 53 436
31 54 314
31 55 274
31 56 398
31 57 305
31 58 345
31 59 462
31 60 385
31 61 396
31 62 374
31 63 261
31 64 305
31 65 436
31 66 470
31 67 445
31 68 260
31 69 372
31 70 461
31 71 482
31 72 285
31 73 435
31 74 253
31 75 484
31 76 424
31 77 338
31 78 303
31 79 287
31 80 411
31 81 464
31 82 272
31 83 321
31 84 451
31 85 452
31 86 256
31 87 294
31 88 499
31 89 325
31 90 253
31 91 358
31 92 266
31 93 500
31 94 433
31 95 297
31 96 380
31 97 268
31 98 271
31 99 313
32 1 404
32 2 437
32 3 396
32 4 471
32 5 354
32 6 335
32 7 284
32 8 491
32 9 486
32 10 473
32 11 374
32 12 430
32 13 493
32 14 393
32 15 259
32 16 329
32 17 299
32 18 321
32 19 364
32 20 480
32 21 327
32 22 265
32 23 456
32 24 343
32 25 359
32 26 255
32 27 471
32 28 372
32 29 458
32 30 472
32 31 354
32 33 385
32 34 458
32 35 301
32 36 367
32 37 453
32 38 354
32 39 475
32 40 500
32 41 493
32 42 287
32 43 357
32 44 499
32 45 383
32 46 474
32 47 499
32 48 301
32 49 255
32 50 428
32 51 422
32 52 259
32 53 413
32 54 266
32 55 366
32 56 468
32 57 460
32 58 430
32 59 320
32 60 258
32 61 361
32 62 322
32 63 456
32 64 276
32 65 256
32 66 495
32 67 348
32 68 489
32 69 254
32 70 478
32 71 293
32 72 460
32 73 452
32 74 478
32 75 307
32 76 466
32 77 378
32 78 397
32 79 374
32 80 459
32 81 356
32 82 410
32 83 432
32 84 463
32 85 300
32 86 451
32 87 313
32 88 408
32 89 407
32 90 356
32 91 334
32 92 445
32 93 477
32 94 351
32 95 306
32 96 387
32 97 335
32 98 343
32 99 482
33 1 448
33 2 334
33 3 500
33 4 275
33 5 407
33 6 268
33 7 342
33 8 468
33 9 334
33 10 311
33 11 497
33 12 436
33 13 429
33 14 465
33 15 401
33 16 467
33 17 321
33 18 420
33 19 262
33 20 460
33 21 387
33 22 290
33 23 458
33 24 468
33 25 363
33 26 333
33 27 250
33 28 358
33 29 430
33 30 285
33 31 452
33 32 385
33 34 293
33 35 410
33 36 365
33 37 452
33 38 432
33 39 449
33 40 363
33 41 461
33 42 496
33 43 391
33 44 449
33 45 362
33 46 295
33 47 483
33 48 394
33 49 390
33 50 482
33 51 342
33 52 413
33 53 386
33 54 392
33 55 358
33 56 343
33 57 348
33 58 442
33 59 340
33 60 337
33 61 255
33 62 441
33 63 372
33 64 495
33 65 278
33 66 456
33 67 487
33 68 399
33 69 334
33 70 444
33 71 433
33 72 443
33 73 296
33 74 414
33 75 377
33 76 268
33 77 369
33 78 480
33 79 495
33 80 395
33 81 301
33 82 407
33 83 412
33 84 424
33 85 281
33 86 322
33 87 299
33 88 492
33 89 493
33 90 408
33 91 486
33 92 474
33 93 469
33 94 334
33 95 431
33 96 482
33 97 289
33 98 294
33 99 449
34 1 424
34 2 313
34 3 498
34 4 408
34 5 419
34 6 459
34 7 250
34 8 433
34 9 458
34 10 428
34 11 316
34 12 331
34 13 395
34 14 345
34 15 430
34 16 467
34 17 257
34 18 318
34 19 274
34 20 302
34 21 381
34 22 320
34 23 464
34 24 253
34 25 440
34 26 369
34 27 425
34 28 328
34 29 383
34 30 275
34 31 496
34 32 458
34 33 293
34 35 338
34 36 279
34 37 454
34 38 377
34 39 442
34 40 495
34 41 380
34 42 258
34 43 374
34 44 378
34 45 360
34 46 354
34 47 445
34 48 442
34 49 291
34 50 351
34 51 256
34 52 334
34 53 358
34 54 347
34 55 483
34 56 464
34 57 499
34 58 372
34 59 431
34 60 269
34 61 430
34 62 482
34 63 430
34 64 364
34 65 479
34 66 456
34 67 330
34 68 448
34 69 346
34 70 446
34 71 489
34 72 450
34 73 500
34 74 350
34 75 395
34 76 347
34 77 382
34 78 286
34 79 444
34 80 271
34 81 441
34 82 362
34 83 384
34 84 475
34 85 301
34 86 367
34 87 491
34 88 350
34 89 451
34 90 302
34 91 322
34 92 500
34 93 368
34 94 297
34 95 366
34 96 323
34 97 364
34 98 336
34 99 387
35 1 355
35 2 485
35 3 322
35 4 281
35 5 258
35 6 439
35 7 369
35 8 441
35 9 436
35 10 313
35 11 276
35 12 420
35 13 420
35 14 351
35 15 384
35 16 446
35 17 376
35 18 459
35 19 253
35 20 306
35 21 315
35 22 387
35 23 320
35 24 272
35 25 294
35 26 415
35 27 308
35 28 268
35 29 397
35 30 453
35 31 331
35 32 301
35 33 410
35 34 338
35 36 391
35 37 290
35 38 394
35 39 409
35 40 353
35 41 479
35 42 335
35 43 481
35 44 459
35 45 322
35 46 272
35 47 393
35 48 470
35 49 318
35 50 486
35 51 375
35 52 373
35 53 314
35 54 322
35 55 377
35 56 283
35 57 310
35 58 310
35 59 334
35 60 468
35 61 307
35 62 436
35 63 393
35 64 353
35 65 294
35 66 381
35 67 475
35 68 301
35 69 282
35 70 462
35 71 280
35 72 324
35 73 315
35 74 484
35 75 362
35 76 319
35 77 437
35 78 494
35 79 352
35 80 382
35 81 458
35 82 392
35 83 482
35 84 497
35 85 448
35 86 286
35 87 316
35 88 419
35 89 446
35 90 339
35 91 493
35 92 447
35 93 449
35 94 310
35 95 381
35 96 317
35 97 469
35 98 310
35 99 471
36 1 474
36 2 409
36 3 370
36 4 305
36 5 427
36 6 278
36 7 445
36 8 323
36 9 499
36 10 272
36 11 260
36 12 434
36 13 254
36 14 386
36 15 394
36 16 467
36 17 311
36 18 341
36 19 467
36 20 270
36 21 355
36 22 349
36 23 254
36 24 373
36 25 479
36 26 314
36 27 321
36 28 316
36 29 356
36 30 495
36 31 422
36 32 367
36 33 365
36 34 279
36 35 391
36 37 389
36 38 442
36 39 446
36 40 467
36 41 372
36 42 287
36 43 409
36 44 402
36 45 442
36 46 500
36 47 363
36 48 455
36 49 354
36 50 309
36 51 449
36 52 396
36 53 348
36 54 466
36 55 301
36 56 448
36 57 359
36 58 269
36 59 256
36 60 398
36 61 270
36 62 471
36 63 292
36 64 409
36 65 472
36 66 476
36 67 369
36 68 289
36 69 395
36 70 304
36 71 398
36 72 294
36 73 454
36 74 484
36 75 466
36 76 366
36 77 434
36 78 490
36 79 427
36 80 282
36 81 409
36 82 290
36 83 405
36 84 341
36 85 373
36 86 337
36 87 286
36 88 406
36 89 414
36 90 422
36 91 420
36 92 480
36 93 473
36 94 443
36 95 363
36 96 276
36 97 351
36 98 320
36 99 284
37 1 483
37 2 340
37 3 278
37 4 345
37 5 498
37 6 323
37 7 302
37 8 454
37 9 300
37 10 401
37 11 344
37 12 494
37 13 427
37 14 274
37 15 468
37 16 493
37 17 323
37 18 357
37 19 432
37 20 302
37 21 451
37 22 382
37 23 280
37 24 419
37 25 428
37 26 255
37 27 350
37 28 316
37 29 254
37 30 264
37 31 340
37 32 453
37 33 452
37 34 454
37 35 290
37 36 389
37 38 359
37 39 458
37 40 361
37 41 296
37 42 386
37 43 305
37 44 493
37 45 407
37 46 361
37 47 286
37 48 356
37 49 371
37 50 487
37 51 374
37 52 445
37 53 485
37 54 405
37 55 414
37 56 453
37 57 345
37 58 372
37 59 424
37 60 481
37 61 256
37 62 286
37 63 276
37 64 405
37 65 384
37 66 446
37 67 310
37 68 362
37 69 419
37 70 414
37 71 331
37 72 482
37 73 417
37 74 396
37 75 438
37 76 331
37 77 318
37 78 434
37 79 482
37 80 259
37 81 452
37 82 268
37 83 413
37 84 375
37 85 284
37 86 364
37 87 349
37 88 281
37 89 316
37 90 317
37 91 489
37 92 393
37 93 276
37 94 276
37 95 258
37 96 344
37 97 256
37 98 448
37 99 290
38 1 304
38 2 297
38 3 314
38 4 496
38 5 372
38 6 310
38 7 389
38 8 460
38 9 474
38 10 427
38 11 467
38 12 382
38 13 406
38 14 316
38 15 379
38 16 389
38 17 374
38 18 435
38 19 392
38 20 446
38 21 327
38 22 470
38 23 390
38 24 474
38 25 314
38 26 475
38 27 360
38 28 322
38 29 431
38 30 449
38 31 442
38 32 354
38 33 432
38 34 377
38 35 394
38 36 442
38 37 359
38 39 452
38 40 280
38 41 256
38 42 500
38 43 316
38 44 495
38 45 343
38 46 463
38 47 282
38 48 386
38 49 404
38 50 268
38 51 375
38 52 473
38 53 471
38 54 377
38 55 342
38 56 315
38 57 281
38 58 388
38 59 429
38 60 344
38 61 326
38 62 377
38 63 419
38 64 284
38 65 414
38 66 289
38 67 360
38 68 317
38 69 457
38 70 318
38 71 278
38 72 288
38 73 449
38 74 394
38 75 289
38 76 326
38 77 332
38 78 392
38 79 409
38 80 492
38 81 296
38 82 391
38 83 434
38 84 430
38 85 415
38 86 449
38 87 265
38 88 436
38 89 268
38 90 372
38 91 377
38 92 320
38 93 367
38 94 406
38 95 494
38 96 467
38 97 259
38 98 345
38 99 276
39 1 500
39 2 348
39 3 493
39 4 387
39 5 480
39 6 264
39 7 455
39 8 433
39 9 393
39 10 316
39 11 385
39 12 463
39 13 402
39 14 379
39 15 436
39 16 458
39 17 288
39 18 468
39 19 371
39 20 309
39 21 310
39 22 493
39 23 325
39 24 433
39 25 465
39 26 472
39 27 338
39 28 341
39 29 344
39 30 468
39 31 443
39 32 475
39 33 449
39 34 442
39 35 409
39 36 446
39 37 458
39 38 452
39 40 495
39 41 453
39 42 274
39 43 470
39 44 283
39 45 427
39 46 394
39 47 489
39 48 468
39 49 445
39 50 464
39 51 466
39 52 454
39 53 433
39 54 466
39 55 310
39 56 268
39 57 472
39 58 410
39 59 459
39 60 292
39 61 266
39 62 351
39 63 267
39 64 344
39 65 264
39 66 313
39 67 281
39 68 418
39 69 422
39 70 398
39 71 319
39 72 270
39 73 430
39 74 286
39 75 367
39 76 341
39 77 349
39 78 415
39 79 286
39 80 337
39 81 397
39 82 251
39 83 316
39 84 474
39 85 260
39 86 330
39 87 303
39 88 253
39 89 313
39 90 259
39 91 257
39 92 264
39 93 376
39 94 421
39 95 351
39 96 492
39 97 305
39 98 484
39 99 468
40 1 378
40 2 452
40 3 365
40 4 361
40 5 332
40 6 415
40 7 291
40 8 478
40 9 441
40 10 451
40 11 483
40 12 415
40 13 339
40 14 429
40 15 460
40 16 451
40 17 290
40 18 275
40 19 366
40 20 487
40 21 294
40 22 397
40 23 332
40 24 267
40 25 464
40 26 429
40 27 353
40 28 285
40 29 426
40 30 442
40 31 445
40 32 500
40 33 363
40 34 495
40 35 353
40 36 467
40 37 361
40 38 280
40 39 495
40 41 291
40 42 262
40 43 380
40 44 491
40 45 452
40 46 319
40 47 440
40 48 466
40 49 463
40 50 360
40 51 295
40 52 358
40 53 389
40 54 293
40 55 478
40 56 435
40 57 483
40 58 277
40 59 408
40 60 396
40 61 373
40 62 400
40 63 408
40 64 314
40 65 500
40 66 263
40 67 338
40 68 305
40 69 421
40 70 430
40 71 345
40 72 370
40 73 473
40 74 393
40 75 404
40 76 327
40 77 271
40 78 272
40 79 497
40 80 477
40 81 318
40 82 295
40 83 444
40 84 408
40 85 257
40 86 338
40 87 373
40 88 328
40 89 370
40 90 306
40 91 481
40 92 449
40 93 311
40 94 393
40 95 456
40 96 372
40 97 250
40 98 431
40 99 390
41 1 353
41 2 253
41 3 465
41 4 320
41 5 256
41 6 254
41 7 354
41 8 399
41 9 467
41 10 472
41 11 431
41 12 442
41 13 281
41 14 499
41 15 253
41 16 442
41 17 454
41 18 465
41 19 365
41 20 358
41 21 302
41 22 397
41 23 331
41 24 382
41 25 362
41 26 284
41 27 390
41 28 375
41 29 345
41 30 254
41 31 497
41 32 493
41 33 461
41 34 380
41 35 479
41 36 372
41 37 296
41 38 256
41 39 453
41 40 291
41 42 334
41 43 271
41 44 418
41 45 427
41 46 460
41 47 357
41 48 495
41 49 363
41 50 281
41 51 270
41 52 276
41 53 250
41 54 302
41 55 304
41 56 288
41 57 480
41 58 266
41 59 300
41 60 408
41 61 433
41 62 253
41 63 496
41 64 385
41 65 291
41 66 446
41 67 500
41 68 251
41 69 432
41 70 432
41 71 315
41 72 498
41 73 476
41 74 263
41 75 480
41 76 421
41 77 479
41 78 471
41 79 274
41 80 361
41 81 495
41 82 497
41 83 402
41 84 448
41 85 302
41 86 390
41 87 282
41 88 251
41 89 393
41 90 481
41 91 277
41 92 493
41 93 316
41 94 361
41 95 464
41 96 422
41 97 486
41 98 414
41 99 310
42 1 286
42 2 352
42 3 450
42 4 250
42 5 403
42 6 441
42 7 326
42 8 325
42 9 328
42 10 458
42 11 388
42 12 358
42 13 292
42 14 406
42 15 275
42 16 278
42 17 250
42 18 307
