s 1 331
s 2 259
s 3 455
s 4 341
s 5 334
s 6 355
s 7 401
s 8 322
s 9 500
s 10 292
s 11 298
s 12 349
s 13 389
s 14 457
s 15 446
s 16 474
s 17 473
s 18 329
s 19 292
s 20 477
s 21 430
s 22 334
s 23 405
s 24 410
s 25 335
s 26 413
s 27 448
s 28 338
s 29 392
s 30 342
s 31 250
s 32 295
s 33 350
s 34 444
s 35 262
s 36 469
s 37 359
s 38 432
s 39 311
s 40 294
s 41 365
s 42 482
s 43 286
s 44 474
s 45 461
s 46 448
s 47 456
s 48 444
s 49 297
s 50 366
s 51 405
s 52 338
s 53 276
s 54 405
s 55 402
s 56 392
s 57 428
s 58 308
s 59 449
s 60 382
s 61 462
s 62 468
s 63 492
s 64 448
s 65 287
s 66 496
s 67 327
s 68 268
s 69 451
s 70 497
s 71 311
s 72 385
s 73 404
s 74 442
s 75 344
s 76 320
s 77 398
s 78 331
s 79 298
s 80 301
s 81 381
s 82 399
s 83 371
s 84 452
s 85 450
s 86 431
s 87 478
s 88 454
s 89 420
s 90 297
s 91 412
s 92 402
s 93 499
s 94 273
s 95 400
s 96 480
s 97 340
s 98 395
s 99 294
1 2 409
1 3 462
1 4 297
1 5 485
1 6 297
1 7 420
1 8 443
1 9 372
1 10 332
1 11 397
1 12 271
1 13 420
1 14 267
1 15 304
1 16 447
1 17 287
1 18 353
1 19 272
1 20 471
1 21 390
1 22 491
1 23 423
1 24 437
1 25 500
1 26 391
1 27 495
1 28 460
1 29 449
1 30 256
1 31 493
1 32 479
1 33 410
1 34 305
1 35 381
1 36 359
1 37 295
1 38 431
1 39 280
1 40 447
1 41 327
1 42 413
1 43 477
1 44 272
1 45 448
1 46 371
1 47 390
1 48 492
1 49 427
1 50 364
1 51 352
1 52 250
1 53 380
1 54 479
1 55 487
1 56 438
1 57 367
1 58 341
1 59 434
1 60 342
1 61 455
1 62 321
1 63 433
1 64 439
1 65 452
1 66 258
1 67 408
1 68 405
1 69 266
1 70 298
1 71 431
1 72 344
1 73 321
1 74 322
1 75 411
1 76 289
1 77 406
1 78 282
1 79 428
1 80 371
1 81 361
1 82 362
1 83 429
1 84 349
1 85 433
1 86 416
1 87 260
1 88 273
1 89 281
1 90 424
1 91 476
1 92 436
1 93 456
1 94 420
1 95 424
1 96 483
1 97 427
1 98 273
1 99 405
2 1 409
2 3 384
2 4 337
2 5 318
2 6 498
2 7 311
2 8 263
2 9 368
2 10 352
2 11 340
2 12 325
2 13 446
2 14 454
2 15 295
2 16 447
2 17 406
2 18 276
2 19 439
2 20 453
2 21 447
2 22 499
2 23 471
2 24 308
2 25 331
2 26 396
2 27 313
2 28 266
2 29 433
2 30 442
2 31 444
2 32 381
2 33 365
2 34 399
2 35 457
2 36 267
2 37 499
2 38 321
2 39 342
2 40 253
2 41 474
2 42 424
2 43 342
2 44 405
2 45 360
2 46 409
2 47 324
2 48 349
2 49 391
2 50 268
2 51 494
2 52 267
2 53 367
2 54 399
2 55 497
2 56 492
2 57 460
2 58 453
2 59 382
2 60 451
2 61 253
2 62 385
2 63 437
2 64 407
2 65 492
2 66 343
2 67 273
2 68 256
2 69 270
2 70 270
2 71 468
2 72 456
2 73 335
2 74 269
2 75 281
2 76 442
2 77 434
2 78 354
2 79 493
2 80 499
2 81 256
2 82 360
2 83 258
2 84 415
2 85 391
2 86 341
2 87 251
2 88 322
2 89 253
2 90 403
2 91 317
2 92 359
2 93 277
2 94 316
2 95 497
2 96 451
2 97 460
2 98 432
2 99 378
3 1 462
3 2 384
3 4 427
3 5 347
3 6 352
3 7 275
3 8 408
3 9 382
3 10 423
3 11 327
3 12 310
3 13 468
3 14 258
3 15 322
3 16 329
3 17 336
3 18 490
3 19 347
3 20 386
3 21 412
3 22 281
3 23 408
3 24 362
3 25 448
3 26 250
3 27 296
3 28 388
3 29 401
3 30 451
3 31 280
3 32 311
3 33 349
3 34 475
3 35 429
3 36 350
3 37 335
3 38 289
3 39 371
3 40 445
3 41 418
3 42 283
3 43 359
3 44 456
3 45 413
3 46 279
3 47 347
3 48 392
3 49 462
3 50 347
3 51 495
3 52 469
3 53 329
3 54 398
3 55 300
3 56 466
3 57 292
3 58 465
3 59 252
3 60 481
3 61 314
3 62 369
3 63 275
3 64 266
3 65 404
3 66 452
3 67 352
3 68 419
3 69 258
3 70 337
3 71 381
3 72 365
3 73 483
3 74 274
3 75 257
3 76 319
3 77 440
3 78 428
3 79 357
3 80 302
3 81 331
3 82 475
3 83 487
3 84 485
3 85 394
3 86 425
3 87 352
3 88 496
3 89 411
3 90 298
3 91 425
3 92 309
3 93 422
3 94 285
3 95 449
3 96 254
3 97 434
3 98 318
3 99 363
4 1 297
4 2 337
4 3 427
4 5 329
4 6 340
4 7 379
4 8 343
4 9 262
4 10 455
4 11 297
4 12 337
4 13 468
4 14 463
4 15 469
4 16 331
4 17 263
4 18 494
4 19 444
4 20 263
4 21 293
4 22 340
4 23 402
4 24 353
4 25 297
4 26 404
4 27 386
4 28 250
4 29 312
4 30 261
4 31 423
4 32 454
4 33 492
4 34 250
4 35 442
4 36 370
4 37 355
4 38 308
4 39 384
4 40 442
4 41 252
4 42 265
4 43 423
4 44 437
4 45 449
4 46 367
4 47 407
4 48 459
4 49 480
4 50 303
4 51 291
4 52 367
4 53 469
4 54 309
4 55 305
4 56 337
4 57 305
4 58 455
4 59 263
4 60 314
4 61 403
4 62 415
4 63 375
4 64 402
4 65 282
4 66 437
4 67 324
4 68 358
4 69 415
4 70 342
4 71 331
4 72 327
4 73 279
4 74 462
4 75 329
4 76 461
4 77 372
4 78 482
4 79 328
4 80 490
4 81 452
4 82 477
4 83 278
4 84 387
4 85 423
4 86 305
4 87 349
4 88 394
4 89 343
4 90 500
4 91 413
4 92 425
4 93 426
4 94 476
4 95 384
4 96 401
4 97 321
4 98 392
4 99 348
5 1 485
5 2 318
5 3 347
5 4 329
5 6 486
5 7 420
5 8 356
5 9 377
5 10 404
5 11 446
5 12 332
5 13 350
5 14 306
5 15 269
5 16 464
5 17 251
5 18 359
5 19 370
5 20 250
5 21 362
5 22 371
5 23 371
5 24 428
5 25 412
5 26 492
5 27 497
5 28 453
5 29 417
5 30 326
5 31 402
5 32 454
5 33 434
5 34 444
5 35 313
5 36 446
5 37 376
5 38 401
5 39 309
5 40 296
5 41 352
5 42 319
5 43 432
5 44 313
5 45 323
5 46 410
5 47 367
5 48 292
5 49 354
5 50 491
5 51 365
5 52 457
5 53 408
5 54 485
5 55 268
5 56 469
5 57 330
5 58 496
5 59 298
5 60 379
5 61 318
5 62 295
5 63 398
5 64 488
5 65 299
5 66 383
5 67 395
5 68 277
5 69 473
5 70 325
5 71 351
5 72 462
5 73 261
5 74 431
5 75 428
5 76 389
5 77 490
5 78 453
5 79 264
5 80 357
5 81 391
5 82 470
5 83 493
5 84 445
5 85 252
5 86 332
5 87 321
5 88 331
5 89 484
5 90 266
5 91 423
5 92 472
5 93 418
5 94 483
5 95 303
5 96 429
5 97 425
5 98 338
5 99 320
6 1 297
6 2 498
6 3 352
6 4 340
6 5 486
6 7 447
6 8 328
6 9 374
6 10 388
6 11 279
6 12 300
6 13 283
6 14 480
6 15 350
6 16 449
6 17 446
6 18 270
6 19 487
6 20 286
6 21 382
6 22 326
6 23 292
6 24 251
6 25 439
6 26 289
6 27 393
6 28 467
6 29 316
6 30 266
6 31 334
6 32 391
6 33 330
6 34 300
6 35 352
6 36 326
6 37 478
6 38 500
6 39 354
6 40 279
6 41 445
6 42 350
6 43 413
6 44 492
6 45 436
6 46 456
6 47 464
6 48 415
6 49 302
6 50 474
6 51 427
6 52 311
6 53 328
6 54 354
6 55 497
6 56 429
6 57 427
6 58 305
6 59 431
6 60 278
6 61 432
6 62 404
6 63 417
6 64 400
6 65 306
6 66 368
6 67 448
6 68 367
6 69 489
6 70 497
6 71 450
6 72 287
6 73 343
6 74 390
6 75 260
6 76 413
6 77 366
6 78 256
6 79 275
6 80 263
6 81 329
6 82 445
6 83 387
6 84 428
6 85 298
6 86 405
6 87 452
6 88 306
6 89 457
6 90 283
6 91 357
6 92 281
6 93 468
6 94 491
6 95 350
6 96 295
6 97 458
6 98 348
6 99 339
7 1 420
7 2 311
7 3 275
7 4 379
7 5 420
7 6 447
7 8 263
7 9 303
7 10 441
7 11 361
7 12 330
7 13 298
7 14 483
7 15 484
7 16 343
7 17 409
7 18 325
7 19 427
7 20 464
7 21 412
7 22 258
7 23 307
7 24 401
7 25 345
7 26 259
7 27 463
7 28 384
7 29 364
7 30 359
7 31 415
7 32 270
7 33 371
7 34 423
7 35 310
7 36 288
7 37 274
7 38 486
7 39 401
7 40 390
7 41 264
7 42 275
7 43 466
7 44 311
7 45 458
7 46 330
7 47 351
7 48 263
7 49 399
7 50 402
7 51 424
7 52 472
7 53 485
7 54 327
7 55 480
7 56 460
7 57 377
7 58 360
7 59 497
7 60 434
7 61 254
7 62 474
7 63 414
7 64 345
7 65 490
7 66 380
7 67 428
7 68 289
7 69 323
7 70 350
7 71 315
7 72 373
7 73 409
7 74 285
7 75 372
7 76 442
7 77 453
7 78 297
7 79 496
7 80 459
7 81 351
7 82 388
7 83 364
7 84 461
7 85 382
7 86 294
7 87 396
7 88 284
7 89 480
7 90 263
7 91 258
7 92 314
7 93 295
7 94 361
7 95 495
7 96 402
7 97 489
7 98 300
7 99 400
8 1 443
8 2 263
8 3 408
8 4 343
8 5 356
8 6 328
8 7 263
8 9 287
8 10 309
8 11 275
8 12 390
8 13 319
8 14 391
8 15 406
8 16 292
8 17 399
8 18 459
8 19 463
8 20 359
8 21 276
8 22 396
8 23 330
8 24 303
8 25 498
8 26 284
8 27 383
8 28 464
8 29 357
8 30 435
8 31 378
8 32 349
8 33 482
8 34 338
8 35 258
8 36 251
8 37 306
8 38 306
8 39 451
8 40 392
8 41 303
8 42 280
8 43 331
8 44 409
8 45 430
8 46 462
8 47 255
8 48 441
8 49 326
8 50 324
8 51 383
8 52 424
8 53 379
8 54 330
8 55 404
8 56 257
8 57 437
8 58 368
8 59 481
8 60 375
8 61 324
8 62 268
8 63 317
8 64 289
8 65 331
8 66 479
8 67 313
8 68 375
8 69 308
8 70 400
8 71 411
8 72 466
8 73 482
8 74 264
8 75 417
8 76 449
8 77 263
8 78 386
8 79 250
8 80 393
8 81 290
8 82 367
8 83 357
8 84 257
8 85 394
8 86 472
8 87 491
8 88 407
8 89 463
8 90 417
8 91 487
8 92 408
8 93 478
8 94 359
8 95 485
8 96 373
8 97 348
8 98 467
8 99 405
9 1 372
9 2 368
9 3 382
9 4 262
9 5 377
9 6 374
9 7 303
9 8 287
9 10 285
9 11 324
9 12 417
9 13 460
9 14 419
9 15 491
9 16 421
9 17 393
9 18 475
9 19 390
9 20 366
9 21 258
9 22 471
9 23 286
9 24 308
9 25 274
9 26 290
9 27 430
9 28 448
9 29 401
9 30 264
9 31 449
9 32 266
9 33 284
9 34 439
9 35 365
9 36 463
9 37 322
9 38 273
9 39 294
9 40 348
9 41 482
9 42 280
9 43 403
9 44 254
9 45 454
9 46 403
9 47 361
9 48 445
9 49 343
9 50 259
9 51 487
9 52 345
9 53 272
9 54 332
9 55 367
9 56 264
9 57 331
9 58 394
9 59 309
9 60 356
9 61 370
9 62 469
9 63 416
9 64 327
9 65 339
9 66 397
9 67 456
9 68 421
9 69 498
9 70 477
9 71 323
9 72 280
9 73 380
9 74 361
9 75 432
9 76 388
9 77 299
9 78 255
9 79 407
9 80 348
9 81 487
9 82 360
9 83 350
9 84 357
9 85 251
9 86 280
9 87 265
9 88 358
9 89 346
9 90 376
9 91 350
9 92 414
9 93 256
9 94 359
9 95 253
9 96 327
9 97 493
9 98 422
9 99 263
10 1 332
10 2 352
10 3 423
10 4 455
10 5 404
10 6 388
10 7 441
10 8 309
10 9 285
10 11 403
10 12 363
10 13 343
10 14 434
10 15 265
10 16 332
10 17 458
10 18 458
10 19 390
10 20 393
10 21 370
10 22 318
10 23 376
10 24 482
10 25 398
10 26 268
10 27 472
10 28 420
10 29 265
10 30 406
10 31 328
10 32 429
10 33 302
10 34 427
10 35 351
10 36 282
10 37 298
10 38 338
10 39 437
10 40 378
10 41 467
10 42 255
10 43 340
10 44 289
10 45 418
10 46 367
10 47 484
10 48 455
10 49 442
10 50 448
10 51 327
10 52 297
10 53 344
10 54 471
10 55 491
10 56 306
10 57 275
10 58 500
10 59 328
10 60 418
10 61 439
10 62 257
10 63 451
10 64 316
10 65 269
10 66 393
10 67 302
10 68 390
10 69 340
10 70 484
10 71 432
10 72 466
10 73 290
10 74 288
10 75 320
10 76 417
10 77 332
10 78 269
10 79 436
10 80 450
10 81 298
10 82 342
10 83 310
10 84 444
10 85 405
10 86 397
10 87 294
10 88 477
10 89 392
10 90 433
10 91 399
10 92 337
10 93 452
10 94 464
10 95 458
10 96 257
10 97 323
10 98 358
10 99 379
11 1 397
11 2 340
11 3 327
11 4 297
11 5 446
11 6 279
11 7 361
11 8 275
11 9 324
11 10 403
11 12 404
11 13 271
11 14 411
11 15 299
11 16 296
11 17 401
11 18 338
11 19 253
11 20 326
11 21 254
11 22 366
11 23 496
11 24 387
11 25 403
11 26 430
11 27 277
11 28 267
11 29 314
11 30 293
11 31 403
11 32 341
11 33 467
11 34 353
11 35 340
11 36 447
11 37 482
11 38 322
11 39 459
11 40 360
11 41 470
11 42 364
11 43 412
11 44 250
11 45 250
11 46 359
11 47 430
11 48 413
11 49 314
11 50 371
11 51 485
11 52 438
11 53 419
11 54 272
11 55 319
11 56 325
11 57 376
11 58 319
11 59 378
11 60 290
11 61 286
11 62 322
11 63 380
11 64 459
11 65 318
11 66 373
11 67 313
11 68 283
11 69 340
11 70 405
11 71 278
11 72 441
11 73 252
11 74 303
11 75 463
11 76 345
11 77 250
11 78 358
11 79 472
11 80 348
11 81 332
11 82 385
11 83 426
11 84 278
11 85 481
11 86 253
11 87 426
11 88 476
11 89 375
11 90 302
11 91 468
11 92 455
11 93 272
11 94 301
11 95 431
11 96 365
11 97 427
11 98 487
11 99 414
12 1 271
12 2 325
12 3 310
12 4 337
12 5 332
12 6 300
12 7 330
12 8 390
12 9 417
12 10 363
12 11 404
12 13 429
12 14 412
12 15 406
12 16 261
12 17 392
12 18 360
12 19 251
12 20 358
12 21 360
12 22 291
12 23 436
12 24 499
12 25 306
12 26 459
12 27 474
12 28 407
12 29 281
12 30 368
12 31 377
12 32 326
12 33 425
12 34 401
12 35 377
12 36 379
12 37 483
12 38 253
12 39 272
12 40 348
12 41 305
12 42 389
12 43 290
12 44 364
12 45 361
12 46 499
12 47 379
12 48 484
12 49 490
12 50 308
12 51 390
12 52 440
12 53 342
12 54 354
12 55 306
12 56 271
12 57 411
12 58 252
12 59 430
12 60 261
12 61 278
12 62 333
12 63 416
12 64 312
12 65 292
12 66 267
12 67 343
12 68 437
12 69 452
12 70 327
12 71 398
12 72 473
12 73 276
12 74 352
12 75 371
12 76 259
12 77 473
12 78 499
12 79 454
12 80 346
12 81 275
12 82 462
12 83 485
12 84 276
12 85 334
12 86 269
12 87 429
12 88 454
12 89 321
12 90 275
12 91 372
12 92 280
12 93 254
12 94 395
12 95 351
12 96 374
12 97 319
12 98 486
12 99 499
13 1 420
13 2 446
13 3 468
13 4 468
13 5 350
13 6 283
13 7 298
13 8 319
13 9 460
13 10 343
13 11 271
13 12 429
13 14 499
13 15 310
13 16 449
13 17 393
13 18 332
13 19 433
13 20 391
13 21 316
13 22 323
13 23 483
13 24 473
13 25 322
13 26 366
13 27 273
13 28 253
13 29 450
13 30 402
13 31 356
13 32 283
13 33 361
13 34 362
13 35 250
13 36 397
13 37 479
13 38 471
13 39 309
13 40 393
13 41 287
13 42 251
13 43 263
13 44 439
13 45 344
13 46 495
13 47 274
13 48 269
13 49 442
13 50 428
13 51 416
13 52 318
13 53 381
13 54 288
13 55 387
13 56 443
13 57 318
13 58 256
13 59 383
13 60 372
13 61 346
13 62 452
13 63 257
13 64 481
13 65 425
13 66 339
13 67 263
13 68 268
13 69 426
13 70 274
13 71 386
13 72 326
13 73 356
13 74 257
13 75 354
13 76 445
13 77 336
13 78 355
13 79 292
13 80 302
13 81 272
13 82 257
13 83 409
13 84 300
13 85 347
13 86 465
13 87 436
13 88 312
13 89 271
13 90 394
13 91 493
13 92 450
13 93 272
13 94 447
13 95 361
13 96 379
13 97 412
13 98 480
13 99 490
14 1 267
14 2 454
14 3 258
14 4 463
14 5 306
14 6 480
14 7 483
14 8 391
14 9 419
14 10 434
14 11 411
14 12 412
14 13 499
14 15 282
14 16 435
14 17 373
14 18 251
14 19 297
14 20 412
14 21 425
14 22 489
14 23 259
14 24 254
14 25 256
14 26 263
14 27 267
14 28 443
14 29 428
14 30 449
14 31 338
14 32 284
14 33 434
14 34 266
14 35 332
14 36 277
14 37 409
14 38 339
14 39 296
14 40 382
14 41 364
14 42 428
14 43 445
14 44 416
14 45 310
14 46 430
14 47 436
14 48 334
14 49 441
14 50 382
14 51 488
14 52 399
14 53 415
14 54 367
14 55 458
14 56 383
14 57 259
14 58 270
14 59 381
14 60 367
14 61 381
14 62 272
14 63 323
14 64 254
14 65 375
14 66 314
14 67 454
14 68 282
14 69 448
14 70 377
14 71 257
14 72 352
14 73 400
14 74 349
14 75 285
14 76 384
14 77 364
14 78 479
14 79 438
14 80 369
14 81 412
14 82 353
14 83 433
14 84 315
14 85 252
14 86 296
14 87 256
14 88 429
14 89 260
14 90 251
14 91 267
14 92 304
14 93 381
14 94 278
14 95 316
14 96 289
14 97 446
14 98 261
14 99 271
15 1 304
15 2 295
15 3 322
15 4 469
15 5 269
15 6 350
15 7 484
15 8 406
15 9 491
15 10 265
15 11 299
15 12 406
15 13 310
15 14 282
15 16 417
15 17 393
15 18 364
15 19 343
15 20 415
15 21 470
15 22 461
15 23 253
15 24 496
15 25 271
15 26 437
15 27 477
15 28 252
15 29 472
15 30 436
15 31 325
15 32 484
15 33 385
15 34 451
15 35 342
15 36 371
15 37 400
15 38 303
15 39 364
15 40 451
15 41 448
15 42 419
15 43 347
15 44 444
15 45 307
15 46 435
15 47 416
15 48 325
15 49 366
15 50 300
15 51 383
15 52 355
15 53 463
15 54 466
15 55 483
15 56 256
15 57 323
15 58 342
15 59 413
15 60 414
15 61 285
15 62 383
15 63 367
15 64 292
15 65 267
15 66 282
15 67 385
15 68 308
15 69 465
15 70 366
15 71 335
15 72 439
15 73 483
15 74 261
15 75 252
15 76 372
15 77 495
15 78 325
15 79 492
15 80 490
15 81 252
15 82 418
15 83 265
15 84 418
15 85 471
15 86 426
15 87 461
15 88 288
15 89 351
15 90 424
15 91 372
15 92 318
15 93 271
15 94 323
15 95 399
15 96 356
15 97 307
15 98 458
15 99 377
16 1 447
16 2 447
16 3 329
16 4 331
16 5 464
16 6 449
16 7 343
16 8 292
16 9 421
16 10 332
16 11 296
16 12 261
16 13 449
16 14 435
16 15 417
16 17 347
16 18 384
16 19 480
16 20 484
16 21 440
16 22 263
16 23 345
16 24 456
16 25 406
16 26 392
16 27 355
16 28 329
16 29 304
16 30 338
16 31 326
16 32 307
16 33 271
16 34 477
16 35 288
16 36 351
16 37 402
16 38 457
16 39 260
16 40 346
16 41 321
16 42 311
16 43 439
16 44 453
16 45 426
16 46 425
16 47 265
16 48 275
16 49 324
16 50 279
16 51 358
16 52 408
16 53 419
16 54 410
16 55 287
16 56 367
16 57 292
16 58 490
16 59 453
16 60 332
16 61 267
16 62 255
16 63 267
16 64 472
16 65 370
16 66 251
16 67 485
16 68 399
16 69 430
16 70 436
16 71 356
16 72 371
16 73 497
16 74 494
16 75 319
16 76 404
16 77 493
16 78 397
16 79 414
16 80 414
16 81 418
16 82 338
16 83 281
16 84 347
16 85 376
16 86 252
16 87 362
16 88 408
16 89 433
16 90 343
16 91 325
16 92 411
16 93 423
16 94 365
16 95 296
16 96 402
16 97 298
16 98 350
16 99 373
17 1 287
17 2 406
17 3 336
17 4 263
17 5 251
17 6 446
17 7 409
17 8 399
17 9 393
17 10 458
17 11 401
17 12 392
17 13 393
17 14 373
17 15 393
17 16 347
17 18 482
17 19 397
17 20 489
17 21 494
17 22 453
17 23 375
17 24 350
17 25 374
17 26 347
17 27 416
17 28 445
17 29 364
17 30 465
17 31 357
17 32 274
17 33 433
17 34 409
17 35 362
17 36 439
17 37 335
17 38 396
17 39 396
17 40 471
17 41 462
17 42 438
17 43 301
17 44 457
17 45 350
17 46 368
17 47 413
17 48 428
17 49 446
17 50 289
17 51 401
17 52 310
17 53 378
17 54 407
17 55 452
17 56 390
17 57 449
17 58 448
17 59 373
17 60 420
17 61 306
17 62 420
17 63 407
17 64 346
17 65 366
17 66 476
17 67 408
17 68 500
17 69 441
17 70 372
17 71 260
17 72 443
17 73 466
17 74 350
17 75 353
17 76 367
17 77 278
17 78 401
17 79 451
17 80 410
17 81 256
17 82 346
17 83 257
17 84 467
17 85 437
17 86 365
17 87 305
17 88 439
17 89 275
17 90 399
17 91 378
17 92 469
17 93 295
17 94 495
17 95 300
17 96 253
17 97 360
17 98 356
17 99 371
18 1 353
18 2 276
18 3 490
18 4 494
18 5 359
18 6 270
18 7 325
18 8 459
18 9 475
18 10 458
18 11 338
18 12 360
18 13 332
18 14 251
18 15 364
18 16 384
18 17 482
18 19 471
18 20 267
18 21 362
18 22 280
18 23 401
18 24 314
18 25 272
18 26 251
18 27 496
18 28 428
18 29 462
18 30 308
18 31 310
18 32 358
18 33 406
18 34 291
18 35 470
18 36 277
18 37 317
18 38 353
18 39 322
18 40 490
18 41 478
18 42 380
18 43 324
18 44 343
18 45 372
18 46 398
18 47 450
18 48 335
18 49 459
18 50 494
18 51 281
18 52 330
18 53 251
18 54 322
18 55 279
18 56 492
18 57 488
18 58 389
18 59 477
18 60 438
18 61 363
18 62 292
18 63 370
18 64 334
18 65 317
18 66 283
18 67 255
18 68 488
18 69 464
18 70 352
18 71 369
18 72 482
18 73 264
18 74 378
18 75 302
18 76 416
18 77 486
18 78 297
18 79 358
18 80 402
18 81 372
18 82 323
18 83 250
18 84 361
18 85 473
18 86 380
18 87 263
18 88 312
18 89 413
18 90 485
18 91 256
18 92 484
18 93 358
18 94 423
18 95 433
18 96 285
18 97 395
18 98 417
18 99 421
19 1 272
19 2 439
19 3 347
19 4 444
19 5 370
19 6 487
19 7 427
19 8 463
19 9 390
19 10 390
19 11 253
19 12 251
19 13 433
19 14 297
19 15 343
19 16 480
19 17 397
19 18 471
19 20 298
19 21 466
19 22 466
19 23 321
19 24 261
19 25 399
19 26 478
19 27 495
19 28 456
19 29 456
19 30 416
19 31 448
19 32 422
19 33 286
19 34 346
19 35 319
19 36 492
19 37 256
19 38 415
19 39 393
19 40 365
19 41 366
19 42 266
19 43 256
19 44 268
19 45 477
19 46 325
19 47 266
19 48 342
19 49 431
19 50 267
19 51 317
19 52 384
19 53 255
19 54 267
19 55 364
19 56 270
19 57 322
19 58 340
19 59 291
19 60 367
19 61 450
19 62 274
19 63 485
19 64 387
19 65 261
19 66 408
19 67 358
19 68 256
19 69 300
19 70 474
19 71 333
19 72 456
19 73 278
19 74 373
19 75 386
19 76 291
19 77 391
19 78 479
19 79 417
19 80 313
19 81 478
19 82 483
19 83 454
19 84 398
19 85 308
19 86 306
19 87 263
19 88 279
19 89 290
19 90 394
19 91 416
19 92 341
19 93 305
19 94 499
19 95 485
19 96 421
19 97 464
19 98 490
19 99 412
20 1 471
20 2 453
20 3 386
20 4 263
20 5 250
20 6 286
20 7 464
20 8 359
20 9 366
20 10 393
20 11 326
20 12 358
20 13 391
20 14 412
20 15 415
20 16 484
20 17 489
20 18 267
20 19 298
20 21 382
20 22 455
20 23 426
20 24 291
20 25 302
20 26 250
20 27 290
20 28 265
20 29 300
20 30 368
20 31 317
20 32 336
20 33 321
20 34 448
20 35 432
20 36 498
20 37 349
20 38 419
20 39 299
20 40 490
20 41 352
20 42 386
20 43 488
20 44 288
20 45 458
20 46 401
20 47 274
20 48 367
20 49 298
20 50 373
20 51 381
20 52 459
20 53 453
20 54 385
20 55 495
20 56 423
20 57 407
20 58 266
20 59 430
20 60 417
20 61 272
20 62 413
20 63 379
20 64 341
20 65 417
20 66 367
20 67 489
20 68 480
20 69 461
20 70 367
20 71 327
20 72 395
20 73 394
20 74 482
20 75 324
20 76 397
20 77 370
20 78 476
20 79 411
20 80 304
20 81 463
20 82 257
20 83 286
20 84 348
20 85 353
20 86 435
20 87 342
20 88 251
20 89 385
20 90 462
20 91 434
20 92 492
20 93 373
20 94 322
20 95 352
20 96 425
20 97 387
20 98 257
20 99 475
21 1 390
21 2 447
21 3 412
21 4 293
21 5 362
21 6 382
21 7 412
21 8 276
21 9 258
21 10 370
21 11 254
21 12 360
21 13 316
21 14 425
21 15 470
21 16 440
21 17 494
21 18 362
21 19 466
21 20 382
21 22 462
21 23 287
21 24 466
21 25 275
21 26 492
21 27 275
21 28 333
21 29 264
21 30 371
21 31 406
21 32 383
21 33 396
21 34 267
21 35 500
21 36 451
21 37 440
21 38 391
21 39 481
21 40 399
21 41 253
21 42 380
21 43 324
21 44 457
21 45 313
21 46 260
21 47 343
21 48 252
21 49 301
21 50 453
21 51 364
21 52 425
21 53 357
21 54 276
21 55 397
21 56 379
21 57 346
21 58 350
21 59 346
21 60 494
21 61 401
21 62 326
21 63 418
21 64 284
21 65 500
21 66 263
21 67 413
21 68 270
21 69 281
21 70 304
21 71 404
21 72 449
21 73 320
21 74 364
21 75 361
21 76 425
21 77 430
21 78 461
21 79 361
21 80 300
21 81 489
21 82 390
21 83 286
21 84 360
21 85 294
21 86 312
21 87 378
21 88 442
21 89 434
21 90 422
21 91 391
21 92 479
21 93 451
21 94 461
21 95 254
21 96 359
21 97 272
21 98 405
21 99 484
22 1 491
22 2 499
22 3 281
22 4 340
22 5 371
22 6 326
22 7 258
22 8 396
22 9 471
22 10 318
22 11 366
22 12 291
22 13 323
22 14 489
22 15 461
22 16 263
22 17 453
22 18 280
22 19 466
22 20 455
22 21 462
22 23 407
22 24 397
22 25 378
22 26 491
22 27 335
22 28 340
22 29 362
22 30 295
22 31 402
22 32 319
22 33 419
22 34 313
22 35 362
22 36 305
22 37 250
22 38 435
22 39 439
22 40 435
22 41 409
22 42 394
22 43 435
22 44 331
22 45 464
22 46 373
22 47 394
22 48 302
22 49 300
22 50 354
22 51 440
22 52 441
22 53 486
22 54 312
22 55 471
22 56 454
22 57 363
22 58 480
22 59 422
22 60 478
22 61 441
22 62 408
22 63 345
22 64 473
22 65 444
22 66 491
22 67 256
22 68 476
22 69 361
22 70 442
22 71 484
22 72 255
22 73 318
22 74 441
22 75 430
22 76 353
22 77 268
22 78 285
22 79 423
22 80 426
22 81 451
22 82 327
22 83 281
22 84 437
22 85 493
22 86 318
22 87 324
22 88 268
22 89 468
22 90 455
22 91 451
22 92 378
22 93 361
22 94 262
22 95 296
22 96 473
22 97 323
22 98 384
22 99 494
23 1 423
23 2 471
23 3 408
23 4 402
23 5 371
23 6 292
23 7 307
23 8 330
23 9 286
23 10 376
23 11 496
23 12 436
23 13 483
23 14 259
23 15 253
23 16 345
23 17 375
23 18 401
23 19 321
23 20 426
23 21 287
23 22 407
23 24 326
23 25 363
23 26 299
23 27 425
23 28 276
23 29 453
23 30 287
23 31 342
23 32 296
23 33 439
23 34 364
23 35 275
23 36 250
23 37 295
23 38 476
23 39 471
23 40 427
23 41 334
23 42 295
23 43 495
23 44 264
23 45 444
23 46 390
23 47 378
23 48 491
23 49 387
23 50 333
23 51 486
23 52 396
23 53 467
23 54 407
23 55 375
23 56 381
23 57 474
23 58 482
23 59 276
23 60 250
23 61 379
23 62 371
23 63 351
23 64 375
23 65 349
23 66 276
23 67 263
23 68 489
23 69 417
23 70 363
23 71 441
23 72 319
23 73 499
23 74 418
23 75 325
23 76 413
23 77 463
23 78 287
23 79 498
23 80 336
23 81 325
23 82 367
23 83 299
23 84 495
23 85 329
23 86 453
23 87 365
23 88 267
23 89 342
23 90 315
23 91 252
23 92 421
23 93 439
23 94 479
23 95 356
23 96 370
23 97 442
23 98 431
23 99 385
24 1 437
24 2 308
24 3 362
24 4 353
24 5 428
24 6 251
24 7 401
24 8 303
24 9 308
24 10 482
24 11 387
24 12 499
24 13 473
24 14 254
24 15 496
24 16 456
24 17 350
24 18 314
24 19 261
24 20 291
24 21 466
24 22 397
24 23 326
24 25 408
24 26 313
24 27 461
24 28 264
24 29 398
24 30 360
24 31 254
24 32 445
24 33 388
24 34 345
24 35 386
24 36 409
24 37 424
24 38 461
24 39 316
24 40 489
24 41 407
24 42 369
24 43 388
24 44 292
24 45 458
24 46 422
24 47 445
24 48 282
24 49 312
24 50 336
24 51 466
24 52 300
24 53 253
24 54 475
24 55 380
24 56 354
24 57 483
24 58 278
24 59 319
24 60 310
24 61 449
24 62 417
24 63 282
24 64 485
24 65 339
24 66 384
24 67 330
24 68 498
24 69 436
24 70 408
24 71 335
24 72 300
24 73 476
24 74 334
24 75 326
24 76 380
24 77 444
24 78 259
24 79 384
24 80 288
24 81 468
24 82 489
24 83 452
24 84 266
24 85 341
24 86 362
24 87 282
24 88 385
24 89 393
24 90 342
24 91 272
24 92 344
24 93 251
24 94 302
24 95 291
24 96 358
24 97 292
24 98 336
24 99 357
25 1 500
25 2 331
25 3 448
25 4 297
25 5 412
25 6 439
25 7 345
25 8 498
25 9 274
25 10 398
25 11 403
25 12 306
25 13 322
25 14 256
25 15 271
25 16 406
25 17 374
25 18 272
25 19 399
25 20 302
25 21 275
25 22 378
25 23 363
25 24 408
25 26 328
25 27 479
25 28 304
25 29 323
25 30 496
25 31 366
25 32 470
25 33 327
25 34 367
25 35 306
25 36 413
25 37 462
25 38 470
25 39 464
25 40 284
25 41 406
25 42 326
25 43 356
25 44 385
25 45 461
25 46 362
25 47 448
25 48 419
25 49 347
25 50 319
25 51 253
25 52 366
25 53 351
25 54 477
25 55 379
25 56 439
25 57 250
25 58 257
25 59 431
25 60 485
25 61 359
25 62 334
25 63 321
25 64 492
25 65 313
25 66 449
25 67 340
25 68 288
25 69 285
25 70 304
25 71 317
25 72 478
25 73 480
25 74 284
25 75 265
25 76 445
25 77 264
25 78 456
25 79 288
25 80 344
25 81 273
25 82 306
25 83 421
25 84 442
25 85 409
25 86 468
25 87 494
25 88 418
25 89 442
25 90 361
25 91 291
25 92 478
25 93 313
25 94 261
25 95 412
25 96 280
25 97 288
25 98 308
25 99 461
26 1 391
26 2 396
26 3 250
26 4 404
26 5 492
26 6 289
26 7 259
26 8 284
26 9 290
26 10 268
26 11 430
26 12 459
26 13 366
26 14 263
26 15 437
26 16 392
26 17 347
26 18 251
26 19 478
26 20 250
26 21 492
26 22 491
26 23 299
26 24 313
26 25 328
26 27 301
26 28 428
26 29 426
26 30 353
26 31 485
26 32 474
26 33 423
26 34 475
26 35 496
26 36 355
26 37 428
26 38 279
26 39 365
26 40 256
26 41 470
26 42 276
26 43 261
26 44 279
26 45 388
26 46 341
26 47 389
26 48 309
26 49 428
26 50 366
26 51 312
26 52 264
26 53 439
26 54 335
26 55 419
26 56 407
26 57 354
26 58 402
26 59 324
26 60 303
26 61 469
26 62 398
26 63 385
26 64 361
26 65 404
26 66 417
26 67 329
26 68 267
26 69 330
26 70 490
26 71 440
26 72 343
26 73 381
26 74 298
26 75 375
26 76 308
26 77 450
26 78 360
26 79 442
26 80 380
26 81 253
26 82 278
26 83 401
26 84 250
26 85 421
26 86 347
26 87 450
26 88 336
26 89 411
26 90 269
26 91 395
26 92 404
26 93 351
26 94 446
26 95 449
26 96 323
26 97 334
26 98 432
26 99 426
27 1 495
27 2 313
27 3 296
27 4 386
27 5 497
27 6 393
27 7 463
27 8 383
27 9 430
27 10 472
27 11 277
27 12 474
27 13 273
27 14 267
27 15 477
27 16 355
27 17 416
27 18 496
27 19 495
27 20 290
27 21 275
27 22 335
27 23 425
27 24 461
27 25 479
27 26 301
27 28 488
27 29 319
27 30 354
27 31 328
27 32 260
27 33 320
27 34 258
27 35 329
27 36 261
27 37 344
27 38 276
27 39 361
27 40 292
27 41 429
27 42 441
27 43 399
27 44 485
27 45 418
27 46 370
27 47 455
27 48 464
27 49 367
27 50 252
27 51 472
27 52 470
27 53 465
27 54 321
27 55 368
27 56 464
27 57 449
27 58 294
27 59 456
27 60 480
27 61 308
27 62 305
27 63 296
27 64 457
27 65 403
27 66 475
27 67 288
27 68 428
27 69 287
27 70 464
27 71 346
27 72 407
27 73 382
27 74 341
27 75 287
27 76 289
27 77 449
27 78 420
27 79 323
27 80 359
27 81 344
27 82 259
27 83 496
27 84 263
27 85 482
27 86 389
27 87 323
27 88 353
27 89 392
27 90 415
27 91 411
27 92 473
27 93 369
27 94 462
27 95 348
27 96 360
27 97 332
27 98 455
27 99 488
28 1 460
28 2 266
28 3 388
28 4 250
28 5 453
28 6 467
28 7 384
28 8 464
28 9 448
28 10 420
28 11 267
28 12 407
28 13 253
28 14 443
28 15 252
28 16 329
28 17 445
28 18 428
28 19 456
28 20 265
28 21 333
28 22 340
28 23 276
28 24 264
28 25 304
28 26 428
28 27 488
28 29 399
28 30 474
28 31 278
28 32 499
28 33 493
28 34 282
28 35 363
28 36 491
28 37 319
28 38 349
28 39 390
28 40 321
28 41 488
28 42 449
28 43 458
28 44 266
28 45 414
28 46 269
28 47 260
28 48 385
28 49 434
28 50 285
28 51 425
28 52 269
28 53 270
28 54 324
28 55 344
28 56 463
28 57 345
28 58 404
28 59 445
28 60 442
28 61 450
28 62 295
28 63 284
28 64 362
28 65 255
28 66 263
28 67 485
28 68 256
28 69 428
28 70 401
28 71 292
28 72 356
28 73 384
28 74 479
28 75 428
28 76 425
28 77 303
28 78 291
28 79 414
28 80 379
28 81 383
28 82 417
28 83 375
28 84 294
28 85 440
28 86 417
28 87 342
28 88 358
28 89 427
28 90 450
28 91 497
28 92 276
28 93 370
28 94 436
28 95 290
28 96 359
28 97 366
28 98 316
28 99 250
29 1 449
29 2 433
29 3 401
29 4 312
29 5 417
29 6 316
29 7 364
29 8 357
29 9 401
29 10 265
29 11 314
29 12 281
29 13 450
29 14 428
29 15 472
29 16 304
29 17 364
29 18 462
29 19 456
29 20 300
29 21 264
29 22 362
29 23 453
29 24 398
29 25 323
29 26 426
29 27 319
29 28 399
29 30 484
29 31 254
29 32 449
29 33 276
29 34 355
29 35 268
29 36 335
29 37 404
29 38 378
29 39 259
29 40 487
29 41 321
29 42 440
29 43 459
29 44 265
29 45 270
29 46 346
29 47 345
29 48 362
29 49 265
29 50 369
29 51 470
29 52 299
29 53 499
29 54 285
29 55 437
29 56 262
29 57 468
29 58 469
29 59 466
29 60 256
29 61 315
29 62 349
29 63 348
29 64 394
29 65 429
29 66 393
29 67 486
29 68 458
29 69 447
29 70 466
29 71 489
29 72 263
29 73 356
29 74 492
29 75 496
29 76 463
29 77 325
29 78 281
29 79 356
29 80 275
29 81 273
29 82 495
29 83 489
29 84 342
29 85 423
29 86 266
29 87 321
29 88 364
29 89 443
29 90 424
29 91 480
29 92 480
29 93 450
29 94 445
29 95 378
29 96 352
29 97 292
29 98 331
29 99 268
30 1 256
30 2 442
30 3 451
30 4 261
30 5 326
30 6 266
30 7 359
30 8 435
30 9 264
30 10 406
30 11 293
30 12 368
30 13 402
30 14 449
30 15 436
30 16 338
30 17 465
30 18 308
30 19 416
30 20 368
30 21 371
30 22 295
30 23 287
30 24 360
30 25 496
30 26 353
30 27 354
30 28 474
30 29 484
30 31 400
30 32 335
30 33 487
30 34 379
30 35 350
30 36 335
30 37 410
30 38 255
30 39 343
30 40 250
30 41 306
30 42 347
30 43 430
30 44 390
30 45 489
30 46 470
30 47 382
30 48 461
30 49 418
30 50 254
30 51 446
30 52 377
30 53 268
30 54 287
30 55 359
30 56 497
30 57 355
30 58 431
30 59 324
30 60 401
30 61 300
30 62 256
30 63 366
30 64 302
30 65 298
30 66 474
30 67 380
30 68 345
30 69 286
30 70 429
30 71 368
30 72 326
30 73 278
30 74 256
30 75 259
30 76 455
30 77 376
30 78 355
30 79 267
30 80 261
30 81 261
30 82 452
30 83 358
30 84 497
30 85 326
30 86 258
30 87 438
30 88 279
30 89 420
30 90 478
30 91 453
30 92 485
30 93 468
30 94 353
30 95 325
30 96 392
30 97 454
30 98 322
30 99 271
31 1 493
31 2 444
31 3 280
31 4 423
31 5 402
31 6 334
31 7 415
31 8 378
31 9 449
31 10 328
31 11 403
31 12 377
31 13 356
31 14 338
31 15 325
31 16 326
31 17 357
31 18 310
31 19 448
31 20 317
31 21 406
31 22 402
31 23 342
31 24 254
31 25 366
31 26 485
31 27 328
31 28 278
31 29 254
31 30 400
31 32 445
31 33 388
31 34 302
31 35 438
31 36 437
31 37 287
31 38 423
31 39 261
31 40 479
31 41 440
31 42 293
31 43 306
31 44 300
31 45 294
31 46 354
31 47 496
31 48 315
31 49 329
31 50 332
31 51 433
31 52 402
31 53 499
31 54 423
31 55 376
31 56 495
31 57 456
31 58 254
31 59 457
31 60 400
31 61 475
31 62 370
31 63 476
31 64 476
31 65 274
31 66 392
31 67 475
31 68 268
31 69 488
31 70 354
31 71 322
31 72 495
31 73 446
31 74 422
31 75 352
31 76 412
31 77 378
31 78 375
31 79 263
31 80 480
31 81 331
31 82 344
31 83 362
31 84 383
31 85 363
31 86 308
31 87 338
31 88 495
31 89 474
31 90 456
31 91 439
31 92 368
31 93 419
31 94 419
31 95 311
31 96 489
31 97 301
31 98 301
31 99 384
32 1 479
32 2 381
32 3 311
32 4 454
32 5 454
32 6 391
32 7 270
32 8 349
32 9 266
32 10 429
32 11 341
32 12 326
32 13 283
32 14 284
32 15 484
32 16 307
32 17 274
32 18 358
32 19 422
32 20 336
32 21 383
32 22 319
32 23 296
32 24 445
32 25 470
32 26 474
32 27 260
32 28 499
32 29 449
32 30 335
32 31 445
32 33 412
32 34 337
32 35 411
32 36 383
32 37 499
32 38 363
32 39 356
32 40 473
32 41 340
32 42 404
32 43 473
32 44 292
32 45 493
32 46 412
32 47 451
32 48 352
32 49 358
32 50 412
32 51 363
32 52 274
32 53 298
32 54 423
32 55 368
32 56 357
32 57 422
32 58 382
32 59 433
32 60 448
32 61 343
32 62 467
32 63 486
32 64 334
32 65 313
32 66 343
32 67 486
32 68 476
32 69 263
32 70 347
32 71 338
32 72 419
32 73 500
32 74 271
32 75 473
32 76 457
32 77 403
32 78 351
32 79 434
32 80 253
32 81 313
32 82 488
32 83 273
32 84 472
32 85 298
32 86 396
32 87 405
32 88 354
32 89 278
32 90 311
32 91 421
32 92 323
32 93 369
32 94 395
32 95 370
32 96 258
32 97 371
32 98 464
32 99 450
33 1 410
33 2 365
33 3 349
33 4 492
33 5 434
33 6 330
33 7 371
33 8 482
33 9 284
33 10 302
33 11 467
33 12 425
33 13 361
33 14 434
33 15 385
33 16 271
33 17 433
33 18 406
33 19 286
33 20 321
33 21 396
33 22 419
33 23 439
33 24 388
33 25 327
33 26 423
33 27 320
33 28 493
33 29 276
33 30 487
33 31 388
33 32 412
33 34 338
33 35 435
33 36 430
33 37 405
33 38 422
33 39 330
33 40 254
33 41 458
33 42 405
33 43 270
33 44 349
33 45 284
33 46 257
33 47 444
33 48 355
33 49 411
33 50 321
33 51 279
33 52 283
33 53 365
33 54 384
33 55 476
33 56 309
33 57 351
33 58 402
33 59 435
33 60 351
33 61 487
33 62 396
33 63 395
33 64 257
33 65 308
33 66 401
33 67 484
33 68 348
33 69 274
33 70 486
33 71 478
33 72 308
33 73 362
33 74 462
33 75 430
33 76 329
33 77 357
33 78 310
33 79 482
33 80 272
33 81 353
33 82 471
33 83 429
33 84 323
33 85 426
33 86 400
33 87 276
33 88 362
33 89 323
33 90 390
33 91 407
33 92 390
33 93 415
33 94 378
33 95 392
33 96 257
33 97 307
33 98 419
33 99 463
34 1 305
34 2 399
34 3 475
34 4 250
34 5 444
34 6 300
34 7 423
34 8 338
34 9 439
34 10 427
34 11 353
34 12 401
34 13 362
34 14 266
34 15 451
34 16 477
34 17 409
34 18 291
34 19 346
34 20 448
34 21 267
34 22 313
34 23 364
34 24 345
34 25 367
34 26 475
34 27 258
34 28 282
34 29 355
34 30 379
34 31 302
34 32 337
34 33 338
34 35 443
34 36 317
34 37 444
34 38 322
34 39 274
34 40 496
34 41 460
34 42 285
34 43 297
34 44 491
34 45 479
34 46 275
34 47 345
34 48 358
34 49 490
34 50 464
34 51 459
34 52 415
34 53 278
34 54 471
34 55 450
34 56 345
34 57 449
34 58 443
34 59 355
34 60 488
34 61 428
34 62 455
34 63 346
34 64 416
34 65 283
34 66 419
34 67 451
34 68 432
34 69 376
34 70 456
34 71 453
34 72 465
34 73 454
34 74 445
34 75 471
34 76 321
34 77 412
34 78 462
34 79 416
34 80 259
34 81 321
34 82 435
34 83 260
34 84 260
34 85 288
34 86 367
34 87 262
34 88 482
34 89 318
34 90 364
34 91 312
34 92 295
34 93 272
34 94 373
34 95 474
34 96 281
34 97 488
34 98 480
34 99 432
35 1 381
35 2 457
35 3 429
35 4 442
35 5 313
35 6 352
35 7 310
35 8 258
35 9 365
35 10 351
35 11 340
35 12 377
35 13 250
35 14 332
35 15 342
35 16 288
35 17 362
35 18 470
35 19 319
35 20 432
35 21 500
35 22 362
35 23 275
35 24 386
35 25 306
35 26 496
35 27 329
35 28 363
35 29 268
35 30 350
35 31 438
35 32 411
35 33 435
35 34 443
35 36 381
35 37 431
35 38 454
35 39 325
35 40 460
35 41 373
35 42 289
35 43 399
35 44 386
35 45 453
35 46 393
35 47 285
35 48 433
35 49 498
35 50 418
35 51 398
35 52 288
35 53 308
35 54 423
35 55 491
35 56 490
35 57 250
35 58 374
35 59 351
35 60 337
35 61 305
35 62 461
35 63 260
35 64 431
35 65 383
35 66 302
35 67 403
35 68 471
35 69 433
35 70 452
35 71 339
35 72 439
35 73 351
35 74 359
35 75 287
35 76 462
35 77 338
35 78 340
35 79 311
35 80 447
35 81 445
35 82 440
35 83 371
35 84 256
35 85 268
35 86 308
35 87 396
35 88 329
35 89 413
35 90 273
35 91 366
35 92 408
35 93 334
35 94 282
35 95 492
35 96 500
35 97 477
35 98 492
35 99 351
36 1 359
36 2 267
36 3 350
36 4 370
36 5 446
36 6 326
36 7 288
36 8 251
36 9 463
36 10 282
36 11 447
36 12 379
36 13 397
36 14 277
36 15 371
36 16 351
36 17 439
36 18 277
36 19 492
36 20 498
36 21 451
36 22 305
36 23 250
36 24 409
36 25 413
36 26 355
36 27 261
36 28 491
36 29 335
36 30 335
36 31 437
36 32 383
36 33 430
36 34 317
36 35 381
36 37 435
36 38 402
36 39 414
36 40 455
36 41 491
36 42 258
36 43 430
36 44 439
36 45 332
36 46 303
36 47 265
36 48 373
36 49 462
36 50 431
36 51 341
36 52 359
36 53 418
36 54 346
36 55 497
36 56 340
36 57 275
36 58 479
36 59 280
36 60 274
36 61 312
36 62 456
36 63 366
36 64 382
36 65 275
36 66 334
36 67 383
36 68 460
36 69 485
36 70 417
36 71 318
36 72 260
36 73 408
36 74 466
36 75 477
36 76 416
36 77 297
36 78 404
36 79 432
36 80 278
36 81 496
36 82 303
36 83 389
36 84 379
36 85 389
36 86 446
36 87 283
36 88 284
36 89 410
36 90 437
36 91 294
36 92 414
36 93 448
36 94 329
36 95 369
36 96 367
36 97 274
36 98 253
36 99 305
37 1 295
37 2 499
37 3 335
37 4 355
37 5 376
37 6 478
37 7 274
37 8 306
37 9 322
37 10 298
37 11 482
37 12 483
37 13 479
37 14 409
37 15 400
37 16 402
37 17 335
37 18 317
37 19 256
37 20 349
37 21 440
37 22 250
37 23 295
37 24 424
37 25 462
37 26 428
37 27 344
37 28 319
37 29 404
37 30 410
37 31 287
37 32 499
37 33 405
37 34 444
37 35 431
37 36 435
37 38 394
37 39 367
37 40 448
37 41 275
37 42 365
37 43 500
37 44 250
37 45 315
37 46 417
37 47 466
37 48 478
37 49 396
37 50 315
37 51 334
37 52 408
37 53 448
37 54 380
37 55 306
37 56 308
37 57 456
37 58 496
37 59 468
37 60 334
37 61 445
37 62 353
37 63 401
37 64 500
37 65 476
37 66 320
37 67 494
37 68 317
37 69 445
37 70 497
37 71 403
37 72 431
37 73 401
37 74 455
37 75 304
37 76 254
37 77 267
37 78 450
37 79 438
37 80 461
37 81 408
37 82 328
37 83 342
37 84 381
37 85 391
37 86 403
37 87 328
37 88 283
37 89 266
37 90 343
37 91 438
37 92 492
37 93 452
37 94 333
37 95 467
37 96 452
37 97 440
37 98 452
37 99 265
38 1 431
38 2 321
38 3 289
38 4 308
38 5 401
38 6 500
38 7 486
38 8 306
38 9 273
38 10 338
38 11 322
38 12 253
38 13 471
38 14 339
38 15 303
38 16 457
38 17 396
38 18 353
38 19 415
38 20 419
38 21 391
38 22 435
38 23 476
38 24 461
38 25 470
38 26 279
38 27 276
38 28 349
38 29 378
38 30 255
38 31 423
38 32 363
38 33 422
38 34 322
38 35 454
38 36 402
38 37 394
38 39 270
38 40 448
38 41 409
38 42 412
38 43 406
38 44 288
38 45 455
38 46 282
38 47 446
38 48 377
38 49 356
38 50 435
38 51 348
38 52 424
38 53 407
38 54 257
38 55 363
38 56 401
38 57 474
38 58 316
38 59 402
38 60 431
38 61 489
38 62 386
38 63 407
38 64 404
38 65 376
38 66 381
38 67 405
38 68 363
38 69 439
38 70 482
38 71 268
38 72 312
38 73 357
38 74 430
38 75 479
38 76 493
38 77 494
38 78 430
38 79 445
38 80 385
38 81 419
38 82 459
38 83 496
38 84 358
38 85 285
38 86 372
38 87 331
38 88 301
38 89 455
38 90 362
38 91 327
38 92 493
38 93 489
38 94 477
38 95 437
38 96 284
38 97 456
38 98 408
38 99 433
39 1 280
39 2 342
39 3 371
39 4 384
39 5 309
39 6 354
39 7 401
39 8 451
39 9 294
39 10 437
39 11 459
39 12 272
39 13 309
39 14 296
39 15 364
39 16 260
39 17 396
39 18 322
39 19 393
39 20 299
39 21 481
39 22 439
39 23 471
39 24 316
39 25 464
39 26 365
39 27 361
39 28 390
39 29 259
39 30 343
39 31 261
39 32 356
39 33 330
39 34 274
39 35 325
39 36 414
39 37 367
39 38 270
39 40 363
39 41 479
39 42 352
39 43 400
39 44 258
39 45 493
39 46 368
39 47 280
39 48 303
39 49 260
39 50 291
39 51 377
39 52 345
39 53 344
39 54 467
39 55 324
39 56 445
39 57 333
39 58 253
39 59 303
39 60 357
39 61 431
39 62 485
39 63 396
39 64 403
39 65 473
39 66 349
39 67 287
39 68 355
39 69 328
39 70 386
39 71 476
39 72 408
39 73 327
39 74 466
39 75 448
39 76 467
39 77 446
39 78 475
39 79 304
39 80 402
39 81 362
39 82 273
39 83 500
39 84 410
39 85 258
39 86 436
39 87 421
39 88 388
39 89 346
39 90 437
39 91 280
39 92 475
39 93 429
39 94 492
39 95 485
39 96 465
39 97 485
39 98 483
39 99 298
40 1 447
40 2 253
40 3 445
40 4 442
40 5 296
40 6 279
40 7 390
40 8 392
40 9 348
40 10 378
40 11 360
40 12 348
40 13 393
40 14 382
40 15 451
40 16 346
40 17 471
40 18 490
40 19 365
40 20 490
40 21 399
40 22 435
40 23 427
40 24 489
40 25 284
40 26 256
40 27 292
40 28 321
40 29 487
40 30 250
40 31 479
40 32 473
40 33 254
40 34 496
40 35 460
40 36 455
40 37 448
40 38 448
40 39 363
40 41 348
40 42 320
40 43 447
40 44 491
40 45 370
40 46 264
40 47 392
40 48 367
40 49 342
40 50 445
40 51 487
40 52 445
40 53 363
40 54 396
40 55 483
40 56 428
40 57 457
40 58 379
40 59 388
40 60 492
40 61 328
40 62 404
40 63 318
40 64 369
40 65 368
40 66 304
40 67 329
40 68 466
40 69 366
40 70 388
40 71 435
40 72 400
40 73 324
40 74 319
40 75 448
40 76 294
40 77 423
40 78 296
40 79 398
40 80 310
40 81 403
40 82 279
40 83 383
40 84 402
40 85 372
40 86 440
40 87 487
40 88 457
40 89 395
40 90 277
40 91 422
40 92 265
40 93 395
40 94 484
40 95 354
40 96 456
40 97 381
40 98 448
40 99 455
41 1 327
41 2 474
41 3 418
41 4 252
41 5 352
41 6 445
41 7 264
41 8 303
41 9 482
41 10 467
41 11 470
41 12 305
41 13 287
41 14 364
41 15 448
41 16 321
41 17 462
41 18 478
41 19 366
41 20 352
41 21 253
41 22 409
41 23 334
41 24 407
41 25 406
41 26 470
41 27 429
41 28 488
41 29 321
41 30 306
41 31 440
41 32 340
41 33 458
41 34 460
41 35 373
41 36 491
41 37 275
41 38 409
41 39 479
41 40 348
41 42 287
41 43 330
41 44 333
41 45 256
41 46 481
41 47 407
41 48 479
41 49 313
41 50 481
41 51 465
41 52 337
41 53 259
41 54 427
41 55 321
41 56 320
41 57 473
41 58 345
41 59 331
41 60 341
41 61 303
41 62 339
41 63 342
41 64 312
41 65 352
41 66 370
41 67 266
41 68 384
41 69 260
41 70 380
41 71 330
41 72 303
41 73 398
41 74 369
41 75 354
41 76 395
41 77 329
41 78 324
41 79 429
41 80 251
41 81 286
41 82 415
41 83 465
41 84 384
41 85 266
41 86 352
41 87 274
41 88 309
41 89 450
41 90 397
41 91 496
41 92 285
41 93 346
41 94 369
41 95 333
41 96 276
41 97 391
41 98 489
41 99 449
42 1 413
42 2 424
42 3 283
42 4 265
42 5 319
42 6 350
42 7 275
42 8 280
42 9 280
42 10 255
42 11 364
42 12 389
42 13 251
42 14 428
42 15 419
42 16 311
42 17 438
42 18 380
