s 1 198
s 2 225
s 5 182
s 13 183
s 14 212
s 15 136
s 17 179
s 22 196
s 23 162
s 25 189
s 26 148
s 27 240
1 3 218
1 5 115
1 7 165
1 11 193
1 12 152
1 13 179
1 14 211
1 18 227
1 19 128
1 21 151
1 23 175
1 25 168
1 27 151
2 4 217
2 5 197
2 8 232
2 9 187
2 15 233
2 20 249
2 22 238
2 24 181
3 1 218
3 4 234
3 5 134
3 7 219
3 8 106
3 13 160
3 22 239
3 26 169
3 29 133
4 2 217
4 3 234
4 5 245
4 10 186
4 15 236
4 16 185
4 17 108
4 19 124
5 1 115
5 2 197
5 3 134
5 4 245
5 8 207
5 10 237
5 11 135
5 13 197
5 18 238
5 19 133
5 20 221
5 21 184
5 25 162
5 28 116
6 11 140
6 12 169
6 13 124
6 14 231
6 18 205
6 23 190
6 26 188
6 27 205
6 28 203
7 1 165
7 3 219
7 11 142
7 12 141
7 15 157
7 18 194
7 21 107
7 23 103
7 24 150
7 26 220
7 29 186
8 2 232
8 3 106
8 5 207
8 9 223
8 15 100
8 18 220
8 19 223
8 22 163
8 23 203
8 25 171
8 28 184
8 29 101
9 2 187
9 8 223
9 14 249
9 18 203
9 20 168
9 24 154
9 27 167
9 29 161
10 4 186
10 5 237
10 14 222
10 18 120
10 20 126
10 25 114
10 29 229
11 1 193
11 5 135
11 6 140
11 7 142
11 12 134
11 15 136
11 17 152
11 23 129
12 1 152
12 6 169
12 7 141
12 11 134
12 13 192
12 28 234
13 1 179
13 3 160
13 5 197
13 6 124
13 12 192
13 16 203
13 17 159
13 21 240
13 23 208
13 24 228
13 28 236
14 1 211
14 6 231
14 9 249
14 10 222
14 17 188
14 19 209
14 22 195
14 23 232
14 24 106
14 28 191
15 2 233
15 4 236
15 7 157
15 8 100
15 11 136
15 19 170
15 21 135
15 22 205
15 23 149
15 26 188
15 28 236
15 29 213
16 4 185
16 13 203
16 23 233
16 26 180
17 4 108
17 11 152
17 13 159
17 14 188
17 22 167
17 23 141
17 24 247
18 1 227
18 5 238
18 6 205
18 7 194
18 8 220
18 9 203
18 10 120
18 19 201
19 1 128
19 4 124
19 5 133
19 8 223
19 14 209
19 15 170
19 18 201
19 25 171
19 29 210
20 2 249
20 5 221
20 9 168
20 10 126
20 23 129
20 24 220
20 28 224
20 29 167
21 1 151
21 5 184
21 7 107
21 13 240
21 15 135
21 23 211
21 26 246
21 27 201
22 2 238
22 3 239
22 8 163
22 14 195
22 15 205
22 17 167
22 23 178
22 24 232
23 1 175
23 6 190
23 7 103
23 8 203
23 11 129
23 13 208
23 14 232
23 15 149
23 16 233
23 17 141
23 20 129
23 21 211
23 22 178
23 25 102
23 26 226
23 29 131
24 2 181
24 7 150
24 9 154
24 13 228
24 14 106
24 17 247
24 20 220
24 22 232
25 1 168
25 5 162
25 8 171
25 10 114
25 19 171
25 23 102
26 3 169
26 6 188
26 7 220
26 15 188
26 16 180
26 21 246
26 23 226
27 1 151
27 6 205
27 9 167
27 21 201
28 5 116
28 6 203
28 8 184
28 12 234
28 13 236
28 14 191
28 15 236
28 20 224
3 t 133
7 t 186
8 t 101
9 t 161
10 t 229
15 t 213
19 t 210
20 t 167
23 t 131
