s 3 242
s 8 240
s 10 164
s 11 197
s 15 206
s 16 150
s 21 208
s 23 156
s 29 190
1 4 245
1 12 188
1 17 178
1 18 172
1 20 230
1 27 232
2 3 219
2 4 164
2 5 194
2 7 162
2 15 206
2 17 213
2 21 154
2 28 184
3 2 219
3 4 205
3 5 173
3 6 235
3 8 214
3 21 229
3 28 223
4 1 245
4 2 164
4 3 205
4 6 194
4 12 223
4 14 240
4 17 220
4 22 202
4 27 250
5 2 194
5 3 173
5 6 191
5 7 162
5 8 185
5 11 189
5 20 162
5 23 235
5 25 152
5 27 165
5 29 210
6 3 235
6 4 194
6 5 191
6 7 204
6 10 237
6 14 187
6 15 164
6 17 183
6 19 159
6 25 156
6 26 241
7 2 162
7 5 162
7 6 204
7 10 235
7 11 167
7 13 239
7 18 244
7 23 249
7 27 217
8 3 214
8 5 185
8 9 166
8 14 200
8 16 169
8 18 158
8 19 235
8 20 165
8 23 202
8 27 181
9 8 166
9 10 163
9 15 230
9 16 170
9 24 182
9 27 205
10 6 237
10 7 235
10 9 163
10 11 250
10 17 170
10 19 207
10 20 156
10 22 195
10 24 186
10 27 224
11 5 189
11 7 167
11 10 250
11 12 249
11 13 227
11 14 168
11 17 210
11 20 179
11 21 215
11 24 166
11 26 202
12 1 188
12 4 223
12 11 249
12 16 243
12 17 248
12 19 186
12 21 230
12 22 159
12 25 222
12 26 230
12 28 205
12 29 223
13 7 239
13 11 227
13 14 183
13 18 236
13 25 223
13 27 232
14 4 240
14 6 187
14 8 200
14 11 168
14 13 183
14 16 220
14 23 173
14 26 213
14 29 208
15 2 206
15 6 164
15 9 230
15 16 174
15 20 247
15 26 248
16 8 169
16 9 170
16 12 243
16 14 220
16 15 174
16 18 221
17 1 178
17 2 213
17 4 220
17 6 183
17 10 170
17 11 210
17 12 248
17 19 162
17 20 190
17 22 154
17 29 208
18 1 172
18 7 244
18 8 158
18 13 236
18 16 221
18 19 223
18 21 201
19 6 159
19 8 235
19 10 207
19 12 186
19 17 162
19 18 223
19 22 243
19 23 218
19 25 158
19 26 159
20 1 230
20 5 162
20 8 165
20 10 156
20 11 179
20 15 247
20 17 190
20 21 179
20 25 167
20 27 152
21 2 154
21 3 229
21 11 215
21 12 230
21 18 201
21 20 179
21 22 232
21 24 211
21 28 174
22 4 202
22 10 195
22 12 159
22 17 154
22 19 243
22 21 232
22 27 159
23 5 235
23 7 249
23 8 202
23 14 173
23 19 218
24 9 182
24 10 186
24 11 166
24 21 211
24 25 170
24 28 166
24 29 240
25 5 152
25 6 156
25 12 222
25 13 223
25 19 158
25 20 167
25 24 170
25 26 173
25 28 222
26 6 241
26 11 202
26 12 230
26 14 213
26 15 248
26 19 159
26 25 173
26 29 167
27 1 232
27 4 250
27 5 165
27 7 217
27 8 181
27 9 205
27 10 224
27 13 232
27 20 152
27 22 159
27 28 207
28 2 184
28 3 223
28 12 205
28 21 174
28 24 166
28 25 222
28 27 207
28 29 172
5 t 210
12 t 223
14 t 208
17 t 208
24 t 240
26 t 167
28 t 172
