s 1 408
s 2 492
s 3 283
s 4 301
s 5 272
s 6 393
s 7 367
s 8 367
s 9 274
s 10 468
s 11 393
s 12 473
s 13 299
s 14 485
s 15 387
s 16 340
s 17 252
s 18 392
s 19 266
s 20 345
s 21 381
s 22 415
s 23 303
s 24 469
s 25 366
s 26 388
s 27 285
s 28 409
s 29 413
s 30 398
s 31 417
s 32 336
s 33 457
s 34 300
s 35 262
s 36 441
s 37 327
s 38 477
s 39 270
s 40 310
s 41 346
s 42 434
s 43 358
s 44 336
s 45 355
s 46 310
s 47 480
s 48 313
s 49 482
s 50 444
s 51 368
s 52 342
s 53 342
s 54 289
s 55 477
s 56 490
s 57 283
s 58 406
s 59 262
s 60 436
s 61 497
s 62 357
s 63 265
s 64 393
s 65 308
s 66 370
s 67 450
s 68 416
s 69 435
s 70 466
s 71 479
s 72 436
s 73 315
s 74 285
s 75 300
s 76 279
s 77 375
s 78 376
s 79 457
s 80 374
s 81 322
s 82 349
s 83 360
s 84 418
s 85 344
s 86 375
s 87 345
s 88 463
s 89 318
s 90 386
s 91 278
s 92 255
s 93 332
s 94 332
s 95 477
s 96 303
s 97 469
s 98 477
s 99 408
1 2 345
1 3 496
1 4 403
1 5 307
1 6 498
1 7 270
1 8 448
1 9 458
1 10 339
1 11 298
1 12 367
1 13 498
1 14 271
1 15 465
1 16 387
1 17 497
1 18 294
1 19 252
1 20 315
1 21 263
1 22 477
1 23 273
1 24 478
1 25 437
1 26 415
1 27 418
1 28 452
1 29 444
1 30 419
1 31 439
1 32 265
1 33 369
1 34 321
1 35 391
1 36 261
1 37 324
1 38 477
1 39 294
1 40 395
1 41 265
1 42 418
1 43 488
1 44 304
1 45 473
1 46 397
1 47 295
1 48 332
1 49 446
1 50 393
1 51 286
1 52 483
1 53 268
1 54 389
1 55 456
1 56 462
1 57 317
1 58 269
1 59 285
1 60 310
1 61 446
1 62 327
1 63 398
1 64 323
1 65 446
1 66 454
1 67 278
1 68 388
1 69 269
1 70 362
1 71 500
1 72 476
1 73 406
1 74 497
1 75 312
1 76 430
1 77 347
1 78 496
1 79 303
1 80 301
1 81 492
1 82 478
1 83 452
1 84 285
1 85 318
1 86 377
1 87 476
1 88 251
1 89 319
1 90 258
1 91 361
1 92 275
1 93 354
1 94 301
1 95 431
1 96 325
1 97 438
1 98 424
1 99 342
2 1 345
2 3 420
2 4 294
2 5 451
2 6 392
2 7 380
2 8 341
2 9 342
2 10 325
2 11 495
2 12 398
2 13 457
2 14 294
2 15 267
2 16 486
2 17 337
2 18 310
2 19 448
2 20 389
2 21 267
2 22 458
2 23 333
2 24 359
2 25 393
2 26 353
2 27 322
2 28 363
2 29 322
2 30 301
2 31 390
2 32 474
2 33 405
2 34 266
2 35 420
2 36 277
2 37 257
2 38 481
2 39 487
2 40 390
2 41 456
2 42 317
2 43 442
2 44 492
2 45 380
2 46 420
2 47 416
2 48 373
2 49 343
2 50 373
2 51 314
2 52 268
2 53 298
2 54 324
2 55 492
2 56 351
2 57 307
2 58 444
2 59 375
2 60 289
2 61 350
2 62 452
2 63 376
2 64 434
2 65 436
2 66 474
2 67 387
2 68 389
2 69 327
2 70 465
2 71 459
2 72 311
2 73 268
2 74 283
2 75 453
2 76 292
2 77 288
2 78 317
2 79 463
2 80 489
2 81 479
2 82 324
2 83 486
2 84 369
2 85 483
2 86 466
2 87 353
2 88 468
2 89 258
2 90 352
2 91 423
2 92 459
2 93 365
2 94 303
2 95 450
2 96 330
2 97 484
2 98 394
2 99 411
3 1 496
3 2 420
3 4 297
3 5 436
3 6 350
3 7 289
3 8 407
3 9 467
3 10 253
3 11 329
3 12 488
3 13 302
3 14 379
3 15 316
3 16 470
3 17 438
3 18 365
3 19 297
3 20 384
3 21 335
3 22 450
3 23 282
3 24 310
3 25 400
3 26 280
3 27 338
3 28 284
3 29 465
3 30 474
3 31 474
3 32 351
3 33 499
3 34 437
3 35 261
3 36 306
3 37 414
3 38 394
3 39 291
3 40 392
3 41 353
3 42 416
3 43 412
3 44 483
3 45 340
3 46 393
3 47 451
3 48 264
3 49 447
3 50 462
3 51 448
3 52 276
3 53 463
3 54 484
3 55 468
3 56 307
3 57 302
3 58 485
3 59 401
3 60 305
3 61 354
3 62 339
3 63 475
3 64 406
3 65 370
3 66 311
3 67 495
3 68 259
3 69 409
3 70 482
3 71 399
3 72 481
3 73 430
3 74 301
3 75 270
3 76 250
3 77 273
3 78 493
3 79 386
3 80 379
3 81 268
3 82 389
3 83 460
3 84 476
3 85 314
3 86 416
3 87 361
3 88 320
3 89 489
3 90 400
3 91 334
3 92 485
3 93 462
3 94 412
3 95 374
3 96 353
3 97 483
3 98 362
3 99 380
4 1 403
4 2 294
4 3 297
4 5 327
4 6 270
4 7 273
4 8 480
4 9 411
4 10 430
4 11 364
4 12 455
4 13 342
4 14 363
4 15 351
4 16 484
4 17 469
4 18 380
4 19 306
4 20 425
4 21 400
4 22 300
4 23 419
4 24 367
4 25 369
4 26 495
4 27 470
4 28 433
4 29 398
4 30 389
4 31 365
4 32 292
4 33 352
4 34 363
4 35 303
4 36 399
4 37 409
4 38 438
4 39 461
4 40 461
4 41 317
4 42 445
4 43 461
4 44 430
4 45 355
4 46 455
4 47 313
4 48 493
4 49 420
4 50 456
4 51 384
4 52 267
4 53 344
4 54 333
4 55 406
4 56 385
4 57 484
4 58 480
4 59 332
4 60 444
4 61 309
4 62 403
4 63 491
4 64 434
4 65 321
4 66 385
4 67 423
4 68 254
4 69 314
4 70 445
4 71 423
4 72 343
4 73 420
4 74 279
4 75 332
4 76 389
4 77 500
4 78 283
4 79 457
4 80 335
4 81 394
4 82 454
4 83 335
4 84 284
4 85 341
4 86 342
4 87 389
4 88 291
4 89 376
4 90 432
4 91 403
4 92 476
4 93 333
4 94 345
4 95 443
4 96 354
4 97 410
4 98 279
4 99 307
5 1 307
5 2 451
5 3 436
5 4 327
5 6 389
5 7 374
5 8 250
5 9 426
5 10 336
5 11 429
5 12 377
5 13 304
5 14 260
5 15 259
5 16 337
5 17 405
5 18 339
5 19 439
5 20 450
5 21 430
5 22 274
5 23 285
5 24 289
5 25 430
5 26 345
5 27 361
5 28 250
5 29 436
5 30 419
5 31 343
5 32 456
5 33 468
5 34 368
5 35 327
5 36 353
5 37 456
5 38 446
5 39 310
5 40 429
5 41 295
5 42 255
5 43 279
5 44 469
5 45 491
5 46 397
5 47 456
5 48 325
5 49 448
5 50 333
5 51 485
5 52 452
5 53 359
5 54 375
5 55 284
5 56 273
5 57 413
5 58 454
5 59 282
5 60 464
5 61 358
5 62 327
5 63 354
5 64 354
5 65 360
5 66 414
5 67 289
5 68 456
5 69 498
5 70 498
5 71 492
5 72 369
5 73 500
5 74 301
5 75 312
5 76 375
5 77 336
5 78 400
5 79 335
5 80 474
5 81 477
5 82 429
5 83 477
5 84 463
5 85 454
5 86 434
5 87 381
5 88 453
5 89 352
5 90 308
5 91 256
5 92 465
5 93 459
5 94 365
5 95 337
5 96 254
5 97 470
5 98 484
5 99 410
6 1 498
6 2 392
6 3 350
6 4 270
6 5 389
6 7 434
6 8 356
6 9 401
6 10 379
6 11 285
6 12 388
6 13 400
6 14 427
6 15 335
6 16 292
6 17 307
6 18 262
6 19 475
6 20 400
6 21 436
6 22 273
6 23 264
6 24 381
6 25 397
6 26 450
6 27 368
6 28 388
6 29 449
6 30 280
6 31 314
6 32 407
6 33 357
6 34 376
6 35 397
6 36 366
6 37 388
6 38 395
6 39 309
6 40 331
6 41 422
6 42 289
6 43 415
6 44 476
6 45 426
6 46 425
6 47 420
6 48 331
6 49 368
6 50 433
6 51 386
6 52 387
6 53 321
6 54 295
6 55 336
6 56 495
6 57 473
6 58 404
6 59 272
6 60 264
6 61 433
6 62 361
6 63 435
6 64 390
6 65 270
6 66 451
6 67 349
6 68 313
6 69 471
6 70 463
6 71 425
6 72 299
6 73 355
6 74 364
6 75 333
6 76 314
6 77 250
6 78 377
6 79 290
6 80 470
6 81 475
6 82 305
6 83 380
6 84 351
6 85 366
6 86 316
6 87 366
6 88 437
6 89 330
6 90 387
6 91 479
6 92 300
6 93 263
6 94 387
6 95 438
6 96 435
6 97 354
6 98 377
6 99 259
7 1 270
7 2 380
7 3 289
7 4 273
7 5 374
7 6 434
7 8 330
7 9 263
7 10 360
7 11 437
7 12 475
7 13 484
7 14 394
7 15 474
7 16 351
7 17 289
7 18 327
7 19 484
7 20 363
7 21 378
7 22 253
7 23 444
7 24 366
7 25 252
7 26 264
7 27 389
7 28 311
7 29 369
7 30 269
7 31 478
7 32 346
7 33 475
7 34 440
7 35 275
7 36 490
7 37 412
7 38 418
7 39 418
7 40 437
7 41 488
7 42 462
7 43 412
7 44 478
7 45 275
7 46 380
7 47 307
7 48 306
7 49 366
7 50 254
7 51 283
7 52 319
7 53 383
7 54 500
7 55 355
7 56 262
7 57 403
7 58 408
7 59 404
7 60 300
7 61 278
7 62 389
7 63 251
7 64 421
7 65 282
7 66 484
7 67 413
7 68 252
7 69 413
7 70 453
7 71 468
7 72 373
7 73 418
7 74 255
7 75 448
7 76 260
7 77 368
7 78 425
7 79 370
7 80 415
7 81 335
7 82 437
7 83 368
7 84 353
7 85 499
7 86 320
7 87 305
7 88 485
7 89 494
7 90 421
7 91 366
7 92 297
7 93 431
7 94 470
7 95 294
7 96 334
7 97 410
7 98 441
7 99 427
8 1 448
8 2 341
8 3 407
8 4 480
8 5 250
8 6 356
8 7 330
8 9 305
8 10 358
8 11 491
8 12 302
8 13 432
8 14 412
8 15 263
8 16 407
8 17 350
8 18 345
8 19 487
8 20 377
8 21 379
8 22 277
8 23 267
8 24 496
8 25 295
8 26 383
8 27 484
8 28 366
8 29 427
8 30 358
8 31 285
8 32 401
8 33 288
8 34 421
8 35 333
8 36 401
8 37 302
8 38 272
8 39 376
8 40 395
8 41 327
8 42 368
8 43 486
8 44 340
8 45 318
8 46 306
8 47 388
8 48 351
8 49 387
8 50 486
8 51 430
8 52 497
8 53 307
8 54 374
8 55 336
8 56 327
8 57 254
8 58 311
8 59 382
8 60 274
8 61 286
8 62 493
8 63 378
8 64 329
8 65 254
8 66 379
8 67 308
8 68 457
8 69 294
8 70 410
8 71 277
8 72 334
8 73 290
8 74 271
8 75 265
8 76 440
8 77 263
8 78 464
8 79 439
8 80 286
8 81 418
8 82 314
8 83 459
8 84 408
8 85 488
8 86 369
8 87 473
8 88 475
8 89 324
8 90 319
8 91 476
8 92 322
8 93 453
8 94 336
8 95 263
8 96 433
8 97 440
8 98 262
8 99 428
9 1 458
9 2 342
9 3 467
9 4 411
9 5 426
9 6 401
9 7 263
9 8 305
9 10 457
9 11 318
9 12 407
9 13 421
9 14 357
9 15 358
9 16 409
9 17 301
9 18 389
9 19 475
9 20 324
9 21 356
9 22 353
9 23 353
9 24 307
9 25 253
9 26 376
9 27 455
9 28 269
9 29 304
9 30 316
9 31 389
9 32 479
9 33 418
9 34 318
9 35 290
9 36 267
9 37 301
9 38 384
9 39 400
9 40 333
9 41 432
9 42 260
9 43 305
9 44 423
9 45 475
9 46 446
9 47 279
9 48 262
9 49 296
9 50 441
9 51 458
9 52 358
9 53 280
9 54 395
9 55 310
9 56 271
9 57 421
9 58 385
9 59 411
9 60 309
9 61 268
9 62 293
9 63 489
9 64 295
9 65 308
9 66 273
9 67 402
9 68 435
9 69 343
9 70 427
9 71 412
9 72 373
9 73 332
9 74 257
9 75 375
9 76 411
9 77 374
9 78 443
9 79 409
9 80 355
9 81 361
9 82 335
9 83 490
9 84 390
9 85 456
9 86 276
9 87 372
9 88 382
9 89 319
9 90 391
9 91 482
9 92 480
9 93 276
9 94 398
9 95 281
9 96 365
9 97 320
9 98 404
9 99 465
10 1 339
10 2 325
10 3 253
10 4 430
10 5 336
10 6 379
10 7 360
10 8 358
10 9 457
10 11 454
10 12 350
10 13 407
10 14 291
10 15 349
10 16 273
10 17 416
10 18 385
10 19 372
10 20 293
10 21 356
10 22 467
10 23 347
10 24 440
10 25 284
10 26 345
10 27 456
10 28 415
10 29 271
10 30 349
10 31 460
10 32 281
10 33 330
10 34 324
10 35 386
10 36 316
10 37 399
10 38 316
10 39 339
10 40 254
10 41 302
10 42 361
10 43 346
10 44 494
10 45 495
10 46 252
10 47 357
10 48 259
10 49 414
10 50 425
10 51 250
10 52 477
10 53 367
10 54 330
10 55 481
10 56 264
10 57 435
10 58 483
10 59 405
10 60 499
10 61 268
10 62 463
10 63 396
10 64 265
10 65 316
10 66 286
10 67 339
10 68 408
10 69 388
10 70 280
10 71 394
10 72 364
10 73 427
10 74 256
10 75 357
10 76 357
10 77 439
10 78 367
10 79 456
10 80 436
10 81 331
10 82 463
10 83 467
10 84 272
10 85 401
10 86 283
10 87 265
10 88 250
10 89 439
10 90 479
10 91 462
10 92 470
10 93 409
10 94 344
10 95 390
10 96 336
10 97 322
10 98 265
10 99 352
11 1 298
11 2 495
11 3 329
11 4 364
11 5 429
11 6 285
11 7 437
11 8 491
11 9 318
11 10 454
11 12 375
11 13 368
11 14 301
11 15 446
11 16 276
11 17 253
11 18 421
11 19 395
11 20 303
11 21 322
11 22 453
11 23 426
11 24 493
11 25 329
11 26 451
11 27 489
11 28 406
11 29 485
11 30 430
11 31 460
11 32 352
11 33 253
11 34 491
11 35 369
11 36 325
11 37 495
11 38 455
11 39 462
11 40 329
11 41 454
11 42 433
11 43 439
11 44 386
11 45 485
11 46 485
11 47 255
11 48 369
11 49 251
11 50 290
11 51 403
11 52 318
11 53 372
11 54 345
11 55 398
11 56 418
11 57 489
11 58 451
11 59 350
11 60 331
11 61 334
11 62 395
11 63 478
11 64 423
11 65 462
11 66 276
11 67 281
11 68 346
11 69 254
11 70 317
11 71 257
11 72 477
11 73 373
11 74 423
11 75 422
11 76 388
11 77 476
11 78 422
11 79 462
11 80 326
11 81 272
11 82 348
11 83 300
11 84 472
11 85 482
11 86 251
11 87 281
11 88 392
11 89 269
11 90 395
11 91 443
11 92 390
11 93 416
11 94 419
11 95 278
11 96 418
11 97 343
11 98 315
11 99 433
12 1 367
12 2 398
12 3 488
12 4 455
12 5 377
12 6 388
12 7 475
12 8 302
12 9 407
12 10 350
12 11 375
12 13 275
12 14 257
12 15 363
12 16 466
12 17 393
12 18 261
12 19 254
12 20 376
12 21 390
12 22 328
12 23 460
12 24 429
12 25 319
12 26 498
12 27 303
12 28 468
12 29 282
12 30 259
12 31 350
12 32 389
12 33 457
12 34 447
12 35 259
12 36 390
12 37 473
12 38 442
12 39 376
12 40 443
12 41 342
12 42 464
12 43 345
12 44 312
12 45 475
12 46 380
12 47 337
12 48 328
12 49 272
12 50 491
12 51 399
12 52 448
12 53 474
12 54 419
12 55 306
12 56 411
12 57 373
12 58 323
12 59 344
12 60 375
12 61 499
12 62 402
12 63 408
12 64 472
12 65 263
12 66 343
12 67 363
12 68 387
12 69 437
12 70 265
12 71 488
12 72 460
12 73 290
12 74 250
12 75 443
12 76 419
12 77 286
12 78 346
12 79 309
12 80 450
12 81 269
12 82 271
12 83 275
12 84 300
12 85 372
12 86 277
12 87 385
12 88 414
12 89 299
12 90 353
12 91 308
12 92 499
12 93 434
12 94 402
12 95 281
12 96 336
12 97 292
12 98 373
12 99 270
13 1 498
13 2 457
13 3 302
13 4 342
13 5 304
13 6 400
13 7 484
13 8 432
13 9 421
13 10 407
13 11 368
13 12 275
13 14 428
13 15 341
13 16 330
13 17 481
13 18 339
13 19 305
13 20 487
13 21 407
13 22 465
13 23 306
13 24 392
13 25 326
13 26 389
13 27 394
13 28 457
13 29 330
13 30 456
13 31 340
13 32 350
13 33 348
13 34 348
13 35 300
13 36 260
13 37 303
13 38 380
13 39 267
13 40 277
13 41 475
13 42 490
13 43 330
13 44 477
13 45 256
13 46 370
13 47 487
13 48 468
13 49 417
13 50 444
13 51 260
13 52 453
13 53 296
13 54 467
13 55 287
13 56 374
13 57 282
13 58 487
13 59 341
13 60 369
13 61 288
13 62 433
13 63 438
13 64 439
13 65 417
13 66 405
13 67 471
13 68 458
13 69 313
13 70 358
13 71 461
13 72 500
13 73 478
13 74 367
13 75 357
13 76 330
13 77 439
13 78 333
13 79 341
13 80 372
13 81 350
13 82 376
13 83 360
13 84 441
13 85 340
13 86 418
13 87 415
13 88 380
13 89 492
13 90 294
13 91 405
13 92 483
13 93 307
13 94 287
13 95 259
13 96 453
13 97 474
13 98 271
13 99 462
14 1 271
14 2 294
14 3 379
14 4 363
14 5 260
14 6 427
14 7 394
14 8 412
14 9 357
14 10 291
14 11 301
14 12 257
14 13 428
14 15 439
14 16 427
14 17 369
14 18 449
14 19 327
14 20 471
14 21 347
14 22 383
14 23 368
14 24 338
14 25 499
14 26 286
14 27 479
14 28 423
14 29 474
14 30 314
14 31 473
14 32 434
14 33 278
14 34 317
14 35 470
14 36 416
14 37 349
14 38 378
14 39 307
14 40 362
14 41 394
14 42 262
14 43 353
14 44 314
14 45 443
14 46 472
14 47 500
14 48 454
14 49 359
14 50 278
14 51 335
14 52 299
14 53 335
14 54 314
14 55 277
14 56 372
14 57 420
14 58 351
14 59 400
14 60 316
14 61 291
14 62 363
14 63 326
14 64 390
14 65 361
14 66 331
14 67 354
14 68 356
14 69 317
14 70 355
14 71 456
14 72 469
14 73 300
14 74 455
14 75 251
14 76 339
14 77 263
14 78 480
14 79 499
14 80 319
14 81 336
14 82 311
14 83 477
14 84 379
14 85 266
14 86 403
14 87 363
14 88 453
14 89 485
14 90 335
14 91 458
14 92 429
14 93 382
14 94 412
14 95 465
14 96 398
14 97 414
14 98 320
14 99 334
15 1 465
15 2 267
15 3 316
15 4 351
15 5 259
15 6 335
15 7 474
15 8 263
15 9 358
15 10 349
15 11 446
15 12 363
15 13 341
15 14 439
15 16 286
15 17 410
15 18 273
15 19 456
15 20 394
15 21 457
15 22 328
15 23 363
15 24 271
15 25 361
15 26 482
15 27 436
15 28 303
15 29 397
15 30 442
15 31 271
15 32 321
15 33 309
15 34 467
15 35 257
15 36 392
15 37 405
15 38 430
15 39 258
15 40 259
15 41 442
15 42 407
15 43 321
15 44 360
15 45 278
15 46 423
15 47 481
15 48 340
15 49 421
15 50 287
15 51 378
15 52 449
15 53 406
15 54 466
15 55 339
15 56 260
15 57 314
15 58 467
15 59 450
15 60 440
15 61 338
15 62 395
15 63 342
15 64 416
15 65 478
15 66 377
15 67 383
15 68 489
15 69 463
15 70 473
15 71 375
15 72 265
15 73 436
15 74 307
15 75 305
15 76 379
15 77 442
15 78 306
15 79 401
15 80 391
15 81 284
15 82 326
15 83 407
15 84 395
15 85 265
15 86 437
15 87 338
15 88 252
15 89 344
15 90 345
15 91 442
15 92 295
15 93 498
15 94 396
15 95 463
15 96 330
15 97 440
15 98 333
15 99 313
16 1 387
16 2 486
16 3 470
16 4 484
16 5 337
16 6 292
16 7 351
16 8 407
16 9 409
16 10 273
16 11 276
16 12 466
16 13 330
16 14 427
16 15 286
16 17 274
16 18 294
16 19 382
16 20 390
16 21 386
16 22 338
16 23 490
16 24 291
16 25 425
16 26 408
16 27 394
16 28 361
16 29 453
16 30 260
16 31 418
16 32 396
16 33 500
16 34 490
16 35 261
16 36 475
16 37 256
16 38 487
16 39 480
16 40 427
16 41 428
16 42 420
16 43 489
16 44 377
16 45 489
16 46 315
16 47 262
16 48 457
16 49 396
16 50 306
16 51 352
16 52 403
16 53 270
16 54 293
16 55 429
16 56 393
16 57 353
16 58 271
16 59 489
16 60 367
16 61 307
16 62 322
16 63 259
16 64 446
16 65 325
16 66 432
16 67 402
16 68 256
16 69 367
16 70 405
16 71 423
16 72 276
16 73 424
16 74 375
16 75 353
16 76 258
16 77 477
16 78 280
16 79 330
16 80 448
16 81 467
16 82 312
16 83 365
16 84 419
16 85 493
16 86 455
16 87 332
16 88 278
16 89 408
16 90 500
16 91 498
16 92 424
16 93 273
16 94 360
16 95 431
16 96 453
16 97 354
16 98 299
16 99 453
17 1 497
17 2 337
17 3 438
17 4 469
17 5 405
17 6 307
17 7 289
17 8 350
17 9 301
17 10 416
17 11 253
17 12 393
17 13 481
17 14 369
17 15 410
17 16 274
17 18 279
17 19 444
17 20 390
17 21 327
17 22 487
17 23 461
17 24 274
17 25 394
17 26 385
17 27 440
17 28 353
17 29 261
17 30 487
17 31 423
17 32 488
17 33 381
17 34 370
17 35 399
17 36 496
17 37 285
17 38 394
17 39 454
17 40 401
17 41 345
17 42 377
17 43 444
17 44 279
17 45 286
17 46 376
17 47 289
17 48 295
17 49 355
17 50 398
17 51 350
17 52 353
17 53 425
17 54 274
17 55 463
17 56 439
17 57 332
17 58 385
17 59 310
17 60 428
17 61 263
17 62 259
17 63 291
17 64 497
17 65 360
17 66 344
17 67 272
17 68 352
17 69 336
17 70 484
17 71 250
17 72 431
17 73 318
17 74 359
17 75 432
17 76 278
17 77 250
17 78 287
17 79 376
17 80 329
17 81 309
17 82 424
17 83 295
17 84 330
17 85 499
17 86 461
17 87 476
17 88 319
17 89 432
17 90 391
17 91 475
17 92 416
17 93 456
17 94 377
17 95 279
17 96 481
17 97 275
17 98 377
17 99 488
18 1 294
18 2 310
18 3 365
18 4 380
18 5 339
18 6 262
18 7 327
18 8 345
18 9 389
18 10 385
18 11 421
18 12 261
18 13 339
18 14 449
18 15 273
18 16 294
18 17 279
18 19 392
18 20 439
18 21 267
18 22 398
18 23 325
18 24 413
18 25 269
18 26 479
18 27 348
18 28 344
18 29 390
18 30 459
18 31 485
18 32 279
18 33 400
18 34 476
18 35 425
18 36 295
18 37 425
18 38 441
18 39 256
18 40 372
18 41 381
18 42 397
18 43 332
18 44 282
18 45 318
18 46 389
18 47 292
18 48 380
18 49 457
18 50 363
18 51 457
18 52 498
18 53 412
18 54 264
18 55 489
18 56 469
18 57 353
18 58 431
18 59 437
18 60 492
18 61 498
18 62 318
18 63 428
18 64 315
18 65 485
18 66 450
18 67 493
18 68 499
18 69 346
18 70 251
18 71 389
18 72 366
18 73 374
18 74 305
18 75 301
18 76 291
18 77 339
18 78 485
18 79 469
18 80 293
18 81 338
18 82 384
18 83 296
18 84 266
18 85 471
18 86 390
18 87 332
18 88 322
18 89 495
18 90 398
18 91 475
18 92 315
18 93 369
18 94 422
18 95 452
18 96 344
18 97 346
18 98 256
18 99 470
19 1 252
19 2 448
19 3 297
19 4 306
19 5 439
19 6 475
19 7 484
19 8 487
19 9 475
19 10 372
19 11 395
19 12 254
19 13 305
19 14 327
19 15 456
19 16 382
19 17 444
19 18 392
19 20 265
19 21 455
19 22 325
19 23 285
19 24 422
19 25 436
19 26 324
19 27 387
19 28 405
19 29 260
19 30 327
19 31 371
19 32 277
19 33 314
19 34 494
19 35 344
19 36 318
19 37 378
19 38 442
19 39 331
19 40 380
19 41 370
19 42 405
19 43 437
19 44 263
19 45 381
19 46 457
19 47 274
19 48 466
19 49 409
19 50 311
19 51 433
19 52 250
19 53 441
19 54 414
19 55 344
19 56 497
19 57 475
19 58 366
19 59 326
19 60 370
19 61 474
19 62 431
19 63 275
19 64 446
19 65 253
19 66 441
19 67 373
19 68 330
19 69 399
19 70 325
19 71 381
19 72 309
19 73 379
19 74 340
19 75 432
19 76 486
19 77 286
19 78 336
19 79 389
19 80 344
19 81 301
19 82 382
19 83 368
19 84 271
19 85 383
19 86 352
19 87 423
19 88 391
19 89 413
19 90 415
19 91 283
19 92 447
19 93 256
19 94 448
19 95 429
19 96 422
19 97 254
19 98 443
19 99 424
20 1 315
20 2 389
20 3 384
20 4 425
20 5 450
20 6 400
20 7 363
20 8 377
20 9 324
20 10 293
20 11 303
20 12 376
20 13 487
20 14 471
20 15 394
20 16 390
20 17 390
20 18 439
20 19 265
20 21 396
20 22 257
20 23 487
20 24 500
20 25 419
20 26 419
20 27 477
20 28 362
20 29 404
20 30 336
20 31 250
20 32 270
20 33 481
20 34 282
20 35 260
20 36 485
20 37 269
20 38 261
20 39 299
20 40 356
20 41 371
20 42 388
20 43 363
20 44 331
20 45 280
20 46 495
20 47 254
20 48 296
20 49 499
20 50 470
20 51 482
20 52 385
20 53 354
20 54 364
20 55 414
20 56 412
20 57 279
20 58 390
20 59 408
20 60 346
20 61 480
20 62 408
20 63 488
20 64 350
20 65 258
20 66 306
20 67 269
20 68 301
20 69 473
20 70 313
20 71 419
20 72 463
20 73 264
20 74 412
20 75 443
20 76 314
20 77 256
20 78 275
20 79 253
20 80 357
20 81 419
20 82 399
20 83 401
20 84 314
20 85 486
20 86 330
20 87 467
20 88 462
20 89 274
20 90 359
20 91 484
20 92 320
20 93 370
20 94 433
20 95 500
20 96 421
20 97 320
20 98 380
20 99 286
21 1 263
21 2 267
21 3 335
21 4 400
21 5 430
21 6 436
21 7 378
21 8 379
21 9 356
21 10 356
21 11 322
21 12 390
21 13 407
21 14 347
21 15 457
21 16 386
21 17 327
21 18 267
21 19 455
21 20 396
21 22 278
21 23 411
21 24 463
21 25 489
21 26 363
21 27 476
21 28 418
21 29 262
21 30 313
21 31 295
21 32 276
21 33 438
21 34 458
21 35 413
21 36 362
21 37 265
21 38 308
21 39 445
21 40 263
21 41 286
21 42 400
21 43 348
21 44 374
21 45 487
21 46 303
21 47 379
21 48 350
21 49 288
21 50 382
21 51 341
21 52 496
21 53 466
21 54 398
21 55 330
21 56 280
21 57 449
21 58 296
21 59 303
21 60 389
21 61 262
21 62 315
21 63 497
21 64 321
21 65 481
21 66 329
21 67 434
21 68 386
21 69 333
21 70 433
21 71 298
21 72 497
21 73 388
21 74 275
21 75 344
21 76 328
21 77 305
21 78 455
21 79 446
21 80 399
21 81 484
21 82 451
21 83 369
21 84 472
21 85 298
21 86 496
21 87 268
21 88 474
21 89 321
21 90 379
21 91 279
21 92 329
21 93 260
21 94 475
21 95 483
21 96 480
21 97 274
21 98 426
21 99 316
22 1 477
22 2 458
22 3 450
22 4 300
22 5 274
22 6 273
22 7 253
22 8 277
22 9 353
22 10 467
22 11 453
22 12 328
22 13 465
22 14 383
22 15 328
22 16 338
22 17 487
22 18 398
22 19 325
22 20 257
22 21 278
22 23 439
22 24 487
22 25 359
22 26 352
22 27 267
22 28 346
22 29 497
22 30 315
22 31 344
22 32 280
22 33 354
22 34 495
22 35 447
22 36 307
22 37 311
22 38 459
22 39 449
22 40 359
22 41 468
22 42 403
22 43 317
22 44 375
22 45 280
22 46 256
22 47 493
22 48 490
22 49 266
22 50 465
22 51 290
22 52 451
22 53 298
22 54 267
22 55 472
22 56 256
22 57 276
22 58 479
22 59 281
22 60 300
22 61 366
22 62 350
22 63 458
22 64 304
22 65 393
22 66 422
22 67 411
22 68 334
22 69 456
22 70 416
22 71 342
22 72 469
22 73 416
22 74 378
22 75 258
22 76 472
22 77 424
22 78 399
22 79 322
22 80 290
22 81 496
22 82 499
22 83 449
22 84 442
22 85 477
22 86 407
22 87 423
22 88 265
22 89 441
22 90 276
22 91 271
22 92 404
22 93 367
22 94 366
22 95 443
22 96 340
22 97 447
22 98 272
22 99 271
23 1 273
23 2 333
23 3 282
23 4 419
23 5 285
23 6 264
23 7 444
23 8 267
23 9 353
23 10 347
23 11 426
23 12 460
23 13 306
23 14 368
23 15 363
23 16 490
23 17 461
23 18 325
23 19 285
23 20 487
23 21 411
23 22 439
23 24 419
23 25 464
23 26 281
23 27 395
23 28 418
23 29 299
23 30 267
23 31 457
23 32 480
23 33 466
23 34 350
23 35 408
23 36 472
23 37 310
23 38 472
23 39 436
23 40 362
23 41 442
23 42 266
23 43 478
23 44 313
23 45 427
23 46 496
23 47 269
23 48 287
23 49 466
23 50 375
23 51 323
23 52 441
23 53 354
23 54 440
23 55 427
23 56 329
23 57 365
23 58 371
23 59 434
23 60 332
23 61 392
23 62 344
23 63 305
23 64 364
23 65 429
23 66 367
23 67 344
23 68 340
23 69 440
23 70 413
23 71 362
23 72 491
23 73 488
23 74 271
23 75 393
23 76 437
23 77 340
23 78 348
23 79 372
23 80 486
23 81 306
23 82 319
23 83 262
23 84 446
23 85 290
23 86 472
23 87 400
23 88 312
23 89 298
23 90 404
23 91 411
23 92 499
23 93 439
23 94 416
23 95 336
23 96 406
23 97 497
23 98 263
23 99 411
24 1 478
24 2 359
24 3 310
24 4 367
24 5 289
24 6 381
24 7 366
24 8 496
24 9 307
24 10 440
24 11 493
24 12 429
24 13 392
24 14 338
24 15 271
24 16 291
24 17 274
24 18 413
24 19 422
24 20 500
24 21 463
24 22 487
24 23 419
24 25 379
24 26 455
24 27 323
24 28 440
24 29 367
24 30 309
24 31 491
24 32 356
24 33 327
24 34 478
24 35 463
24 36 456
24 37 478
24 38 415
24 39 326
24 40 262
24 41 301
24 42 384
24 43 283
24 44 254
24 45 297
24 46 385
24 47 466
24 48 469
24 49 402
24 50 302
24 51 267
24 52 469
24 53 405
24 54 318
24 55 379
24 56 470
24 57 370
24 58 306
24 59 349
24 60 483
24 61 450
24 62 400
24 63 441
24 64 271
24 65 378
24 66 325
24 67 409
24 68 466
24 69 263
24 70 290
24 71 357
24 72 456
24 73 294
24 74 374
24 75 349
24 76 481
24 77 474
24 78 340
24 79 305
24 80 467
24 81 313
24 82 441
24 83 385
24 84 282
24 85 276
24 86 432
24 87 287
24 88 491
24 89 394
24 90 316
24 91 348
24 92 471
24 93 254
24 94 300
24 95 470
24 96 435
24 97 292
24 98 382
24 99 435
25 1 437
25 2 393
25 3 400
25 4 369
25 5 430
25 6 397
25 7 252
25 8 295
25 9 253
25 10 284
25 11 329
25 12 319
25 13 326
25 14 499
25 15 361
25 16 425
25 17 394
25 18 269
25 19 436
25 20 419
25 21 489
25 22 359
25 23 464
25 24 379
25 26 454
25 27 436
25 28 327
25 29 377
25 30 353
25 31 369
25 32 364
25 33 373
25 34 482
25 35 441
25 36 358
25 37 316
25 38 300
25 39 430
25 40 431
25 41 390
25 42 370
25 43 431
25 44 443
25 45 477
25 46 496
25 47 344
25 48 458
25 49 347
25 50 458
25 51 355
25 52 485
25 53 310
25 54 430
25 55 389
25 56 498
25 57 333
25 58 385
25 59 332
25 60 371
25 61 374
25 62 407
25 63 283
25 64 304
25 65 306
25 66 456
25 67 292
25 68 416
25 69 320
25 70 343
25 71 252
25 72 253
25 73 442
25 74 400
25 75 488
25 76 433
25 77 268
25 78 500
25 79 452
25 80 401
25 81 349
25 82 474
25 83 255
25 84 468
25 85 404
25 86 436
25 87 457
25 88 358
25 89 325
25 90 443
25 91 271
25 92 419
25 93 272
25 94 322
25 95 344
25 96 398
25 97 335
25 98 386
25 99 277
26 1 415
26 2 353
26 3 280
26 4 495
26 5 345
26 6 450
26 7 264
26 8 383
26 9 376
26 10 345
26 11 451
26 12 498
26 13 389
26 14 286
26 15 482
26 16 408
26 17 385
26 18 479
26 19 324
26 20 419
26 21 363
26 22 352
26 23 281
26 24 455
26 25 454
26 27 362
26 28 462
26 29 388
26 30 310
26 31 267
26 32 370
26 33 337
26 34 405
26 35 326
26 36 328
26 37 482
26 38 495
26 39 464
26 40 458
26 41 348
26 42 314
26 43 348
26 44 469
26 45 401
26 46 500
26 47 300
26 48 338
26 49 344
26 50 409
26 51 448
26 52 366
26 53 439
26 54 423
26 55 475
26 56 293
26 57 415
26 58 454
26 59 296
26 60 392
26 61 461
26 62 455
26 63 371
26 64 496
26 65 301
26 66 364
26 67 357
26 68 419
26 69 432
26 70 282
26 71 267
26 72 479
26 73 447
26 74 267
26 75 336
26 76 262
26 77 313
26 78 339
26 79 264
26 80 289
26 81 414
26 82 436
26 83 269
26 84 490
26 85 308
26 86 497
26 87 358
26 88 348
26 89 336
26 90 365
26 91 479
26 92 332
26 93 431
26 94 359
26 95 288
26 96 338
26 97 455
26 98 340
26 99 436
27 1 418
27 2 322
27 3 338
27 4 470
27 5 361
27 6 368
27 7 389
27 8 484
27 9 455
27 10 456
27 11 489
27 12 303
27 13 394
27 14 479
27 15 436
27 16 394
27 17 440
27 18 348
27 19 387
27 20 477
27 21 476
27 22 267
27 23 395
27 24 323
27 25 436
27 26 362
27 28 309
27 29 433
27 30 317
27 31 430
27 32 398
27 33 466
27 34 323
27 35 408
27 36 465
27 37 327
27 38 309
27 39 458
27 40 275
27 41 418
27 42 339
27 43 263
27 44 490
27 45 444
27 46 461
27 47 436
27 48 303
27 49 285
27 50 382
27 51 407
27 52 490
27 53 389
27 54 288
27 55 304
27 56 306
27 57 411
27 58 414
27 59 481
27 60 358
27 61 357
27 62 302
27 63 272
27 64 469
27 65 388
27 66 296
27 67 495
27 68 325
27 69 251
27 70 474
27 71 279
27 72 306
27 73 268
27 74 304
27 75 313
27 76 390
27 77 486
27 78 397
27 79 428
27 80 358
27 81 480
27 82 459
27 83 425
27 84 329
27 85 365
27 86 383
27 87 294
27 88 391
27 89 478
27 90 460
27 91 275
27 92 319
27 93 432
27 94 310
27 95 375
27 96 360
27 97 307
27 98 359
27 99 495
28 1 452
28 2 363
28 3 284
28 4 433
28 5 250
28 6 388
28 7 311
28 8 366
28 9 269
28 10 415
28 11 406
28 12 468
28 13 457
28 14 423
28 15 303
28 16 361
28 17 353
28 18 344
28 19 405
28 20 362
28 21 418
28 22 346
28 23 418
28 24 440
28 25 327
28 26 462
28 27 309
28 29 424
28 30 388
28 31 451
28 32 458
28 33 474
28 34 446
28 35 325
28 36 386
28 37 420
28 38 255
28 39 319
28 40 476
28 41 299
28 42 341
28 43 357
28 44 439
28 45 281
28 46 268
28 47 263
28 48 468
28 49 371
28 50 365
28 51 330
28 52 311
28 53 451
28 54 350
28 55 375
28 56 325
28 57 476
28 58 354
28 59 405
28 60 251
28 61 448
28 62 345
28 63 390
28 64 442
28 65 276
28 66 466
28 67 369
28 68 369
28 69 349
28 70 306
28 71 488
28 72 304
28 73 463
28 74 490
28 75 405
28 76 286
28 77 500
28 78 281
28 79 295
28 80 341
28 81 490
28 82 410
28 83 344
28 84 316
28 85 395
28 86 305
28 87 498
28 88 274
28 89 263
28 90 485
28 91 347
28 92 424
28 93 333
28 94 344
28 95 471
28 96 456
28 97 372
28 98 496
28 99 396
29 1 444
29 2 322
29 3 465
29 4 398
29 5 436
29 6 449
29 7 369
29 8 427
29 9 304
29 10 271
29 11 485
29 12 282
29 13 330
29 14 474
29 15 397
29 16 453
29 17 261
29 18 390
29 19 260
29 20 404
29 21 262
29 22 497
29 23 299
29 24 367
29 25 377
29 26 388
29 27 433
29 28 424
29 30 423
29 31 448
29 32 303
29 33 263
29 34 454
29 35 374
29 36 491
29 37 299
29 38 274
29 39 275
29 40 353
29 41 287
29 42 295
29 43 352
29 44 334
29 45 343
29 46 280
29 47 318
29 48 271
29 49 492
29 50 357
29 51 402
29 52 314
29 53 324
29 54 384
29 55 366
29 56 307
29 57 455
29 58 294
29 59 254
29 60 473
29 61 359
29 62 290
29 63 497
29 64 329
29 65 470
29 66 269
29 67 282
29 68 409
29 69 376
29 70 309
29 71 467
29 72 460
29 73 410
29 74 425
29 75 414
29 76 387
29 77 301
29 78 422
29 79 493
29 80 329
29 81 451
29 82 476
29 83 405
29 84 313
29 85 360
29 86 313
29 87 259
29 88 371
29 89 311
29 90 354
29 91 460
29 92 291
29 93 429
29 94 417
29 95 362
29 96 458
29 97 360
29 98 351
29 99 387
30 1 419
30 2 301
30 3 474
30 4 389
30 5 419
30 6 280
30 7 269
30 8 358
30 9 316
30 10 349
30 11 430
30 12 259
30 13 456
30 14 314
30 15 442
30 16 260
30 17 487
30 18 459
30 19 327
30 20 336
30 21 313
30 22 315
30 23 267
30 24 309
30 25 353
30 26 310
30 27 317
30 28 388
30 29 423
30 31 309
30 32 355
30 33 323
30 34 261
30 35 278
30 36 492
30 37 412
30 38 429
30 39 462
30 40 373
30 41 398
30 42 333
30 43 480
30 44 299
30 45 472
30 46 465
30 47 360
30 48 293
30 49 454
30 50 259
30 51 374
30 52 450
30 53 395
30 54 281
30 55 440
30 56 466
30 57 351
30 58 315
30 59 500
30 60 280
30 61 490
30 62 250
30 63 430
30 64 366
30 65 353
30 66 452
30 67 315
30 68 339
30 69 445
30 70 325
30 71 288
30 72 429
30 73 385
30 74 320
30 75 315
30 76 278
30 77 329
30 78 302
30 79 275
30 80 294
30 81 437
30 82 482
30 83 450
30 84 416
30 85 361
30 86 250
30 87 391
30 88 389
30 89 398
30 90 399
30 91 341
30 92 306
30 93 384
30 94 476
30 95 430
30 96 401
30 97 411
30 98 362
30 99 441
31 1 439
31 2 390
31 3 474
31 4 365
31 5 343
31 6 314
31 7 478
31 8 285
31 9 389
31 10 460
31 11 460
31 12 350
31 13 340
31 14 473
31 15 271
31 16 418
31 17 423
31 18 485
31 19 371
31 20 250
31 21 295
31 22 344
31 23 457
31 24 491
31 25 369
31 26 267
31 27 430
31 28 451
31 29 448
31 30 309
31 32 265
31 33 404
31 34 450
31 35 341
31 36 416
31 37 349
31 38 291
31 39 326
31 40 447
31 41 270
31 42 359
31 43 347
31 44 332
31 45 269
31 46 270
31 47 359
31 48 250
31 49 429
31 50 257
31 51 434
31 52 300
31 53 415
31 54 297
31 55 260
31 56 263
31 57 486
31 58 326
31 59 388
31 60 463
31 61 265
31 62 287
31 63 394
31 64 311
31 65 476
31 66 257
31 67 271
31 68 389
31 69 377
31 70 339
31 71 284
31 72 308
31 73 324
31 74 255
31 75 328
31 76 416
31 77 324
31 78 419
31 79 414
31 80 434
31 81 417
31 82 438
31 83 278
31 84 442
31 85 370
31 86 397
31 87 265
31 88 294
31 89 470
31 90 283
31 91 352
31 92 471
31 93 393
31 94 261
31 95 426
31 96 490
31 97 273
31 98 372
31 99 420
32 1 265
32 2 474
32 3 351
32 4 292
32 5 456
32 6 407
32 7 346
32 8 401
32 9 479
32 10 281
32 11 352
32 12 389
32 13 350
32 14 434
32 15 321
32 16 396
32 17 488
32 18 279
32 19 277
32 20 270
32 21 276
32 22 280
32 23 480
32 24 356
32 25 364
32 26 370
32 27 398
32 28 458
32 29 303
32 30 355
32 31 265
32 33 293
32 34 374
32 35 305
32 36 278
32 37 332
32 38 468
32 39 286
32 40 442
32 41 300
32 42 364
32 43 341
32 44 395
32 45 374
32 46 439
32 47 500
32 48 331
32 49 281
32 50 290
32 51 380
32 52 361
32 53 489
32 54 477
32 55 253
32 56 394
32 57 484
32 58 255
32 59 290
32 60 298
32 61 420
32 62 396
32 63 326
32 64 358
32 65 496
32 66 455
32 67 321
32 68 263
32 69 290
32 70 443
32 71 282
32 72 399
32 73 383
32 74 271
32 75 488
32 76 497
32 77 350
32 78 467
32 79 466
32 80 255
32 81 366
32 82 342
32 83 343
32 84 266
32 85 368
32 86 358
32 87 500
32 88 298
32 89 420
32 90 460
32 91 408
32 92 357
32 93 352
32 94 366
32 95 256
32 96 386
32 97 374
32 98 264
32 99 387
33 1 369
33 2 405
33 3 499
33 4 352
33 5 468
33 6 357
33 7 475
33 8 288
33 9 418
33 10 330
33 11 253
33 12 457
33 13 348
33 14 278
33 15 309
33 16 500
33 17 381
33 18 400
33 19 314
33 20 481
33 21 438
33 22 354
33 23 466
33 24 327
33 25 373
33 26 337
33 27 466
33 28 474
33 29 263
33 30 323
33 31 404
33 32 293
33 34 383
33 35 414
33 36 308
33 37 287
33 38 492
33 39 390
33 40 426
33 41 399
33 42 398
33 43 253
33 44 402
33 45 397
33 46 452
33 47 375
33 48 311
33 49 379
33 50 378
33 51 323
33 52 497
33 53 308
33 54 484
33 55 419
33 56 483
33 57 372
33 58 274
33 59 405
33 60 439
33 61 252
33 62 310
33 63 340
33 64 484
33 65 309
33 66 497
33 67 303
33 68 318
33 69 336
33 70 345
33 71 315
33 72 345
33 73 311
33 74 415
33 75 411
33 76 292
33 77 285
33 78 317
33 79 372
33 80 462
33 81 375
33 82 310
33 83 389
33 84 258
33 85 370
33 86 311
33 87 381
33 88 341
33 89 458
33 90 357
33 91 360
33 92 417
33 93 307
33 94 355
33 95 425
33 96 276
33 97 305
33 98 476
33 99 492
34 1 321
34 2 266
34 3 437
34 4 363
34 5 368
34 6 376
34 7 440
34 8 421
34 9 318
34 10 324
34 11 491
34 12 447
34 13 348
34 14 317
34 15 467
34 16 490
34 17 370
34 18 476
34 19 494
34 20 282
34 21 458
34 22 495
34 23 350
34 24 478
34 25 482
34 26 405
34 27 323
34 28 446
34 29 454
34 30 261
34 31 450
34 32 374
34 33 383
34 35 461
34 36 299
34 37 345
34 38 400
34 39 298
34 40 343
34 41 406
34 42 319
34 43 498
34 44 310
34 45 368
34 46 382
34 47 347
34 48 335
34 49 360
34 50 482
34 51 392
34 52 335
34 53 391
34 54 282
34 55 330
34 56 434
34 57 475
34 58 436
34 59 344
34 60 483
34 61 432
34 62 284
34 63 291
34 64 457
34 65 460
34 66 427
34 67 378
34 68 269
34 69 356
34 70 482
34 71 363
34 72 291
34 73 258
34 74 413
34 75 260
34 76 259
34 77 449
34 78 356
34 79 265
34 80 413
34 81 307
34 82 289
34 83 445
34 84 456
34 85 323
34 86 461
34 87 262
34 88 393
34 89 361
34 90 311
34 91 261
34 92 464
34 93 344
34 94 296
34 95 410
34 96 457
34 97 375
34 98 423
34 99 281
35 1 391
35 2 420
35 3 261
35 4 303
35 5 327
35 6 397
35 7 275
35 8 333
35 9 290
35 10 386
35 11 369
35 12 259
35 13 300
35 14 470
35 15 257
35 16 261
35 17 399
35 18 425
35 19 344
35 20 260
35 21 413
35 22 447
35 23 408
35 24 463
35 25 441
35 26 326
35 27 408
35 28 325
35 29 374
35 30 278
35 31 341
35 32 305
35 33 414
35 34 461
35 36 450
35 37 437
35 38 389
35 39 391
35 40 450
35 41 321
35 42 488
35 43 463
35 44 256
35 45 376
35 46 462
35 47 476
35 48 481
35 49 388
35 50 492
35 51 359
35 52 405
35 53 438
35 54 264
35 55 346
35 56 452
35 57 460
35 58 426
35 59 453
35 60 299
35 61 417
35 62 488
35 63 315
35 64 403
35 65 356
35 66 352
35 67 471
35 68 463
35 69 392
35 70 334
35 71 363
35 72 415
35 73 289
35 74 344
35 75 364
35 76 264
35 77 284
35 78 448
35 79 479
35 80 455
35 81 414
35 82 386
35 83 410
35 84 368
35 85 288
35 86 473
35 87 309
35 88 431
35 89 293
35 90 407
35 91 346
35 92 267
35 93 496
35 94 307
35 95 291
35 96 379
35 97 302
35 98 306
35 99 433
36 1 261
36 2 277
36 3 306
36 4 399
36 5 353
36 6 366
36 7 490
36 8 401
36 9 267
36 10 316
36 11 325
36 12 390
36 13 260
36 14 416
36 15 392
36 16 475
36 17 496
36 18 295
36 19 318
36 20 485
36 21 362
36 22 307
36 23 472
36 24 456
36 25 358
36 26 328
36 27 465
36 28 386
36 29 491
36 30 492
36 31 416
36 32 278
36 33 308
36 34 299
36 35 450
36 37 401
36 38 276
36 39 414
36 40 330
36 41 395
36 42 276
36 43 397
36 44 325
36 45 469
36 46 465
36 47 265
36 48 272
36 49 364
36 50 438
36 51 281
36 52 328
36 53 316
36 54 265
36 55 381
36 56 417
36 57 277
36 58 421
36 59 467
36 60 382
36 61 480
36 62 498
36 63 432
36 64 415
36 65 387
36 66 277
36 67 421
36 68 473
36 69 376
36 70 289
36 71 412
36 72 435
36 73 289
36 74 422
36 75 389
36 76 263
36 77 255
36 78 429
36 79 283
36 80 283
36 81 477
36 82 320
36 83 298
36 84 377
36 85 424
36 86 343
36 87 296
36 88 288
36 89 415
36 90 360
36 91 498
36 92 349
36 93 310
36 94 398
36 95 464
36 96 354
36 97 455
36 98 481
36 99 426
37 1 324
37 2 257
37 3 414
37 4 409
37 5 456
37 6 388
37 7 412
37 8 302
37 9 301
37 10 399
37 11 495
37 12 473
37 13 303
37 14 349
37 15 405
37 16 256
37 17 285
37 18 425
37 19 378
37 20 269
37 21 265
37 22 311
37 23 310
37 24 478
37 25 316
37 26 482
37 27 327
37 28 420
37 29 299
37 30 412
37 31 349
37 32 332
37 33 287
37 34 345
37 35 437
37 36 401
37 38 422
37 39 486
37 40 494
37 41 466
37 42 276
37 43 310
37 44 415
37 45 499
37 46 297
37 47 299
37 48 379
37 49 302
37 50 270
37 51 287
37 52 406
37 53 494
37 54 298
37 55 472
37 56 439
37 57 266
37 58 368
37 59 442
37 60 347
37 61 303
37 62 270
37 63 311
37 64 321
37 65 360
37 66 297
37 67 466
37 68 428
37 69 377
37 70 321
37 71 343
37 72 366
37 73 289
37 74 468
37 75 430
37 76 251
37 77 361
37 78 415
37 79 393
37 80 281
37 81 474
37 82 471
37 83 266
37 84 400
37 85 403
37 86 482
37 87 478
37 88 284
37 89 453
37 90 377
37 91 267
37 92 440
37 93 351
37 94 414
37 95 389
37 96 329
37 97 495
37 98 381
37 99 281
38 1 477
38 2 481
38 3 394
38 4 438
38 5 446
38 6 395
38 7 418
38 8 272
38 9 384
38 10 316
38 11 455
38 12 442
38 13 380
38 14 378
38 15 430
38 16 487
38 17 394
38 18 441
38 19 442
38 20 261
38 21 308
38 22 459
38 23 472
38 24 415
38 25 300
38 26 495
38 27 309
38 28 255
38 29 274
38 30 429
38 31 291
38 32 468
38 33 492
38 34 400
38 35 389
38 36 276
38 37 422
38 39 406
38 40 462
38 41 496
38 42 398
38 43 425
38 44 373
38 45 358
38 46 399
38 47 284
38 48 252
38 49 345
38 50 495
38 51 428
38 52 478
38 53 340
38 54 336
38 55 373
38 56 403
38 57 308
38 58 417
38 59 471
38 60 361
38 61 482
38 62 485
38 63 275
38 64 484
38 65 378
38 66 338
38 67 372
38 68 330
38 69 423
38 70 474
38 71 442
38 72 499
38 73 345
38 74 396
38 75 496
38 76 440
38 77 319
38 78 253
38 79 373
38 80 354
38 81 262
38 82 272
38 83 262
38 84 464
38 85 487
38 86 357
38 87 461
38 88 482
38 89 449
38 90 301
38 91 449
38 92 363
38 93 257
38 94 281
38 95 468
38 96 378
38 97 293
38 98 275
38 99 430
39 1 294
39 2 487
39 3 291
39 4 461
39 5 310
39 6 309
39 7 418
39 8 376
39 9 400
39 10 339
39 11 462
39 12 376
39 13 267
39 14 307
39 15 258
39 16 480
39 17 454
39 18 256
39 19 331
39 20 299
39 21 445
39 22 449
39 23 436
39 24 326
39 25 430
39 26 464
39 27 458
39 28 319
39 29 275
39 30 462
39 31 326
39 32 286
39 33 390
39 34 298
39 35 391
39 36 414
39 37 486
39 38 406
39 40 354
39 41 405
39 42 403
39 43 476
39 44 267
39 45 473
39 46 421
39 47 495
39 48 251
39 49 266
39 50 402
39 51 461
39 52 316
39 53 370
39 54 317
39 55 462
39 56 433
39 57 428
39 58 408
39 59 427
39 60 460
39 61 487
39 62 486
39 63 321
39 64 428
39 65 311
39 66 479
39 67 423
39 68 303
39 69 284
39 70 351
39 71 263
39 72 368
39 73 271
39 74 403
39 75 377
39 76 456
39 77 394
39 78 341
39 79 422
39 80 408
39 81 478
39 82 454
39 83 310
39 84 458
39 85 405
39 86 265
39 87 471
39 88 274
39 89 303
39 90 260
39 91 373
39 92 262
39 93 485
39 94 441
39 95 278
39 96 277
39 97 310
39 98 350
39 99 295
40 1 395
40 2 390
40 3 392
40 4 461
40 5 429
40 6 331
40 7 437
40 8 395
40 9 333
40 10 254
40 11 329
40 12 443
40 13 277
40 14 362
40 15 259
40 16 427
40 17 401
40 18 372
40 19 380
40 20 356
40 21 263
40 22 359
40 23 362
40 24 262
40 25 431
40 26 458
40 27 275
40 28 476
40 29 353
40 30 373
40 31 447
40 32 442
40 33 426
40 34 343
40 35 450
40 36 330
40 37 494
40 38 462
40 39 354
40 41 354
40 42 490
40 43 425
40 44 292
40 45 477
40 46 467
40 47 267
40 48 282
40 49 319
40 50 348
40 51 459
40 52 345
40 53 450
40 54 350
40 55 370
40 56 475
40 57 273
40 58 306
40 59 482
40 60 272
40 61 357
40 62 347
40 63 403
40 64 445
40 65 427
40 66 251
40 67 446
40 68 456
40 69 257
40 70 365
40 71 392
40 72 288
40 73 488
40 74 396
40 75 288
40 76 320
40 77 496
40 78 351
40 79 258
40 80 265
40 81 274
40 82 374
40 83 309
40 84 436
40 85 264
40 86 386
40 87 296
40 88 372
40 89 446
40 90 256
40 91 401
40 92 452
40 93 406
40 94 313
40 95 312
40 96 286
40 97 420
40 98 487
40 99 442
41 1 265
41 2 456
41 3 353
41 4 317
41 5 295
41 6 422
41 7 488
41 8 327
41 9 432
41 10 302
41 11 454
41 12 342
41 13 475
41 14 394
41 15 442
41 16 428
41 17 345
41 18 381
41 19 370
41 20 371
41 21 286
41 22 468
41 23 442
41 24 301
41 25 390
41 26 348
41 27 418
41 28 299
41 29 287
41 30 398
41 31 270
41 32 300
41 33 399
41 34 406
41 35 321
41 36 395
41 37 466
41 38 496
41 39 405
41 40 354
41 42 366
41 43 435
41 44 266
41 45 425
41 46 417
41 47 370
41 48 308
41 49 455
41 50 345
41 51 376
41 52 298
41 53 433
41 54 344
41 55 260
41 56 472
41 57 361
41 58 364
41 59 474
41 60 365
41 61 473
41 62 341
41 63 350
41 64 266
41 65 304
41 66 350
41 67 301
41 68 482
41 69 344
41 70 322
41 71 324
41 72 256
41 73 358
41 74 446
41 75 479
41 76 316
41 77 267
41 78 431
41 79 424
41 80 496
41 81 255
41 82 390
41 83 289
41 84 361
41 85 416
41 86 256
41 87 414
41 88 358
41 89 354
41 90 350
41 91 313
41 92 251
41 93 321
41 94 301
41 95 452
41 96 434
41 97 370
41 98 325
41 99 356
42 1 418
42 2 317
42 3 416
42 4 445
42 5 255
42 6 289
42 7 462
42 8 368
42 9 260
42 10 361
42 11 433
42 12 464
42 13 490
42 14 262
42 15 407
42 16 420
42 17 377
42 18 397
