s 1 427
s 2 485
s 3 293
s 4 320
s 5 404
s 6 479
s 7 493
s 8 256
s 9 414
s 10 487
s 11 475
s 12 281
s 13 441
s 14 475
s 15 395
s 16 417
s 17 311
s 18 361
s 19 379
s 20 369
s 21 395
s 22 477
s 23 497
s 24 332
s 25 296
s 26 500
s 27 431
s 28 301
s 29 367
s 30 292
s 31 391
s 32 271
s 33 371
s 34 388
s 35 455
s 36 489
s 37 484
s 38 340
s 39 298
s 40 337
s 41 394
s 42 252
s 43 309
s 44 455
s 45 423
s 46 441
s 47 429
s 48 414
s 49 432
s 50 271
s 51 335
s 52 410
s 53 289
s 54 278
s 55 309
s 56 253
s 57 464
s 58 428
s 59 450
s 60 397
s 61 315
s 62 355
s 63 394
s 64 298
s 65 258
s 66 270
s 67 496
s 68 488
s 69 343
s 70 340
s 71 372
s 72 315
s 73 283
s 74 409
s 75 457
s 76 278
s 77 449
s 78 343
s 79 343
s 80 292
s 81 457
s 82 361
s 83 426
s 84 300
s 85 487
s 86 258
s 87 281
s 88 305
s 89 455
s 90 299
s 91 268
s 92 349
s 93 345
s 94 389
s 95 285
s 96 497
s 97 423
s 98 489
s 99 356
1 2 309
1 3 322
1 4 415
1 5 477
1 6 272
1 7 298
1 8 351
1 9 467
1 10 448
1 11 398
1 12 487
1 13 458
1 14 256
1 15 357
1 16 486
1 17 363
1 18 485
1 19 313
1 20 495
1 21 337
1 22 378
1 23 445
1 24 495
1 25 352
1 26 373
1 27 387
1 28 474
1 29 301
1 30 354
1 31 338
1 32 417
1 33 393
1 34 357
1 35 367
1 36 253
1 37 264
1 38 435
1 39 476
1 40 252
1 41 365
1 42 271
1 43 357
1 44 274
1 45 492
1 46 451
1 47 335
1 48 472
1 49 358
1 50 473
1 51 255
1 52 486
1 53 488
1 54 482
1 55 358
1 56 347
1 57 386
1 58 252
1 59 438
1 60 422
1 61 386
1 62 473
1 63 357
1 64 356
1 65 470
1 66 325
1 67 267
1 68 363
1 69 480
1 70 272
1 71 363
1 72 252
1 73 372
1 74 480
1 75 317
1 76 252
1 77 266
1 78 474
1 79 492
1 80 299
1 81 481
1 82 485
1 83 344
1 84 273
1 85 387
1 86 306
1 87 271
1 88 446
1 89 378
1 90 416
1 91 476
1 92 410
1 93 291
1 94 473
1 95 276
1 96 286
1 97 384
1 98 344
1 99 421
2 1 309
2 3 487
2 4 462
2 5 312
2 6 256
2 7 285
2 8 432
2 9 284
2 10 407
2 11 385
2 12 476
2 13 299
2 14 397
2 15 496
2 16 374
2 17 340
2 18 389
2 19 317
2 20 432
2 21 433
2 22 467
2 23 315
2 24 386
2 25 307
2 26 355
2 27 496
2 28 364
2 29 491
2 30 499
2 31 266
2 32 499
2 33 430
2 34 463
2 35 381
2 36 495
2 37 299
2 38 297
2 39 475
2 40 396
2 41 304
2 42 394
2 43 374
2 44 331
2 45 328
2 46 297
2 47 325
2 48 397
2 49 258
2 50 412
2 51 320
2 52 373
2 53 344
2 54 273
2 55 324
2 56 381
2 57 460
2 58 258
2 59 438
2 60 435
2 61 343
2 62 294
2 63 423
2 64 359
2 65 361
2 66 369
2 67 346
2 68 256
2 69 375
2 70 451
2 71 379
2 72 282
2 73 360
2 74 434
2 75 260
2 76 454
2 77 348
2 78 268
2 79 385
2 80 419
2 81 265
2 82 296
2 83 487
2 84 274
2 85 282
2 86 463
2 87 438
2 88 422
2 89 251
2 90 377
2 91 321
2 92 380
2 93 391
2 94 333
2 95 385
2 96 448
2 97 380
2 98 417
2 99 290
3 1 322
3 2 487
3 4 438
3 5 403
3 6 338
3 7 474
3 8 324
3 9 359
3 10 266
3 11 407
3 12 336
3 13 375
3 14 331
3 15 258
3 16 302
3 17 275
3 18 474
3 19 408
3 20 353
3 21 467
3 22 277
3 23 500
3 24 467
3 25 314
3 26 403
3 27 371
3 28 482
3 29 402
3 30 320
3 31 265
3 32 410
3 33 255
3 34 366
3 35 287
3 36 278
3 37 459
3 38 314
3 39 430
3 40 449
3 41 335
3 42 277
3 43 488
3 44 359
3 45 444
3 46 261
3 47 496
3 48 349
3 49 409
3 50 311
3 51 404
3 52 435
3 53 342
3 54 349
3 55 419
3 56 362
3 57 482
3 58 433
3 59 257
3 60 283
3 61 423
3 62 454
3 63 330
3 64 429
3 65 411
3 66 386
3 67 258
3 68 441
3 69 261
3 70 280
3 71 440
3 72 360
3 73 382
3 74 326
3 75 494
3 76 444
3 77 372
3 78 411
3 79 339
3 80 486
3 81 337
3 82 283
3 83 341
3 84 463
3 85 381
3 86 358
3 87 269
3 88 362
3 89 267
3 90 432
3 91 400
3 92 339
3 93 324
3 94 318
3 95 397
3 96 329
3 97 489
3 98 317
3 99 307
4 1 415
4 2 462
4 3 438
4 5 385
4 6 402
4 7 315
4 8 398
4 9 256
4 10 404
4 11 375
4 12 312
4 13 325
4 14 396
4 15 496
4 16 350
4 17 313
4 18 446
4 19 347
4 20 362
4 21 371
4 22 355
4 23 403
4 24 404
4 25 433
4 26 460
4 27 300
4 28 330
4 29 428
4 30 298
4 31 275
4 32 429
4 33 309
4 34 404
4 35 369
4 36 444
4 37 260
4 38 393
4 39 401
4 40 323
4 41 456
4 42 289
4 43 257
4 44 312
4 45 444
4 46 337
4 47 376
4 48 397
4 49 371
4 50 270
4 51 362
4 52 469
4 53 341
4 54 334
4 55 370
4 56 441
4 57 340
4 58 478
4 59 311
4 60 482
4 61 336
4 62 358
4 63 349
4 64 350
4 65 481
4 66 351
4 67 342
4 68 273
4 69 477
4 70 440
4 71 284
4 72 443
4 73 263
4 74 402
4 75 322
4 76 268
4 77 417
4 78 289
4 79 317
4 80 363
4 81 454
4 82 493
4 83 323
4 84 493
4 85 338
4 86 356
4 87 429
4 88 371
4 89 288
4 90 414
4 91 464
4 92 301
4 93 409
4 94 457
4 95 437
4 96 254
4 97 281
4 98 412
4 99 405
5 1 477
5 2 312
5 3 403
5 4 385
5 6 253
5 7 495
5 8 292
5 9 380
5 10 276
5 11 338
5 12 464
5 13 384
5 14 395
5 15 429
5 16 488
5 17 351
5 18 332
5 19 351
5 20 412
5 21 337
5 22 380
5 23 418
5 24 390
5 25 295
5 26 475
5 27 312
5 28 286
5 29 398
5 30 273
5 31 493
5 32 423
5 33 432
5 34 452
5 35 262
5 36 425
5 37 465
5 38 360
5 39 476
5 40 449
5 41 357
5 42 431
5 43 352
5 44 477
5 45 313
5 46 424
5 47 264
5 48 289
5 49 447
5 50 377
5 51 498
5 52 402
5 53 279
5 54 367
5 55 255
5 56 261
5 57 432
5 58 312
5 59 250
5 60 460
5 61 468
5 62 281
5 63 338
5 64 275
5 65 373
5 66 411
5 67 364
5 68 478
5 69 341
5 70 450
5 71 337
5 72 486
5 73 337
5 74 468
5 75 384
5 76 400
5 77 497
5 78 419
5 79 398
5 80 393
5 81 412
5 82 326
5 83 361
5 84 279
5 85 387
5 86 383
5 87 430
5 88 333
5 89 500
5 90 454
5 91 335
5 92 404
5 93 255
5 94 429
5 95 321
5 96 284
5 97 382
5 98 411
5 99 447
6 1 272
6 2 256
6 3 338
6 4 402
6 5 253
6 7 326
6 8 285
6 9 396
6 10 484
6 11 500
6 12 339
6 13 295
6 14 260
6 15 286
6 16 490
6 17 425
6 18 329
6 19 414
6 20 317
6 21 493
6 22 429
6 23 419
6 24 404
6 25 487
6 26 380
6 27 380
6 28 335
6 29 468
6 30 412
6 31 451
6 32 495
6 33 268
6 34 433
6 35 299
6 36 431
6 37 475
6 38 441
6 39 319
6 40 291
6 41 371
6 42 377
6 43 313
6 44 462
6 45 499
6 46 354
6 47 459
6 48 296
6 49 499
6 50 298
6 51 320
6 52 254
6 53 473
6 54 308
6 55 459
6 56 353
6 57 406
6 58 486
6 59 480
6 60 348
6 61 392
6 62 488
6 63 496
6 64 439
6 65 436
6 66 362
6 67 427
6 68 275
6 69 314
6 70 303
6 71 446
6 72 455
6 73 269
6 74 479
6 75 390
6 76 496
6 77 323
6 78 281
6 79 494
6 80 340
6 81 447
6 82 320
6 83 486
6 84 298
6 85 378
6 86 431
6 87 257
6 88 421
6 89 293
6 90 324
6 91 286
6 92 318
6 93 357
6 94 270
6 95 260
6 96 439
6 97 357
6 98 445
6 99 362
7 1 298
7 2 285
7 3 474
7 4 315
7 5 495
7 6 326
7 8 411
7 9 435
7 10 477
7 11 496
7 12 309
7 13 335
7 14 391
7 15 405
7 16 331
7 17 418
7 18 366
7 19 497
7 20 251
7 21 256
7 22 334
7 23 292
7 24 401
7 25 463
7 26 421
7 27 495
7 28 345
7 29 335
7 30 489
7 31 363
7 32 315
7 33 430
7 34 415
7 35 267
7 36 348
7 37 382
7 38 404
7 39 457
7 40 315
7 41 312
7 42 276
7 43 486
7 44 383
7 45 255
7 46 446
7 47 279
7 48 380
7 49 288
7 50 375
7 51 384
7 52 274
7 53 468
7 54 488
7 55 264
7 56 388
7 57 442
7 58 326
7 59 473
7 60 283
7 61 379
7 62 450
7 63 302
7 64 312
7 65 421
7 66 312
7 67 294
7 68 454
7 69 363
7 70 337
7 71 290
7 72 461
7 73 420
7 74 404
7 75 370
7 76 374
7 77 321
7 78 301
7 79 363
7 80 389
7 81 436
7 82 407
7 83 328
7 84 254
7 85 329
7 86 287
7 87 339
7 88 386
7 89 308
7 90 268
7 91 433
7 92 449
7 93 254
7 94 425
7 95 446
7 96 255
7 97 413
7 98 356
7 99 291
8 1 351
8 2 432
8 3 324
8 4 398
8 5 292
8 6 285
8 7 411
8 9 355
8 10 332
8 11 296
8 12 498
8 13 314
8 14 269
8 15 270
8 16 281
8 17 295
8 18 440
8 19 294
8 20 387
8 21 284
8 22 345
8 23 279
8 24 329
8 25 300
8 26 315
8 27 264
8 28 354
8 29 410
8 30 302
8 31 440
8 32 443
8 33 403
8 34 274
8 35 354
8 36 463
8 37 303
8 38 261
8 39 429
8 40 294
8 41 491
8 42 448
8 43 251
8 44 411
8 45 464
8 46 414
8 47 308
8 48 427
8 49 353
8 50 396
8 51 307
8 52 388
8 53 349
8 54 343
8 55 466
8 56 385
8 57 394
8 58 480
8 59 369
8 60 404
8 61 250
8 62 428
8 63 281
8 64 303
8 65 299
8 66 498
8 67 314
8 68 461
8 69 477
8 70 499
8 71 478
8 72 353
8 73 494
8 74 297
8 75 387
8 76 382
8 77 488
8 78 356
8 79 481
8 80 314
8 81 421
8 82 462
8 83 449
8 84 469
8 85 415
8 86 436
8 87 401
8 88 302
8 89 253
8 90 331
8 91 456
8 92 432
8 93 346
8 94 495
8 95 438
8 96 337
8 97 302
8 98 308
8 99 356
9 1 467
9 2 284
9 3 359
9 4 256
9 5 380
9 6 396
9 7 435
9 8 355
9 10 338
9 11 484
9 12 321
9 13 395
9 14 261
9 15 255
9 16 457
9 17 467
9 18 370
9 19 465
9 20 400
9 21 277
9 22 400
9 23 448
9 24 380
9 25 312
9 26 382
9 27 275
9 28 372
9 29 266
9 30 278
9 31 385
9 32 440
9 33 495
9 34 308
9 35 448
9 36 279
9 37 349
9 38 450
9 39 314
9 40 302
9 41 405
9 42 351
9 43 491
9 44 385
9 45 419
9 46 375
9 47 378
9 48 341
9 49 302
9 50 389
9 51 458
9 52 424
9 53 462
9 54 374
9 55 453
9 56 275
9 57 490
9 58 353
9 59 487
9 60 334
9 61 335
9 62 442
9 63 385
9 64 466
9 65 487
9 66 448
9 67 268
9 68 464
9 69 405
9 70 254
9 71 448
9 72 381
9 73 394
9 74 289
9 75 406
9 76 407
9 77 265
9 78 353
9 79 340
9 80 322
9 81 331
9 82 414
9 83 461
9 84 345
9 85 375
9 86 368
9 87 321
9 88 420
9 89 466
9 90 278
9 91 388
9 92 408
9 93 489
9 94 359
9 95 438
9 96 425
9 97 305
9 98 250
9 99 305
10 1 448
10 2 407
10 3 266
10 4 404
10 5 276
10 6 484
10 7 477
10 8 332
10 9 338
10 11 298
10 12 313
10 13 349
10 14 491
10 15 451
10 16 343
10 17 323
10 18 418
10 19 397
10 20 413
10 21 489
10 22 419
10 23 391
10 24 359
10 25 273
10 26 320
10 27 494
10 28 424
10 29 414
10 30 324
10 31 490
10 32 277
10 33 398
10 34 379
10 35 414
10 36 414
10 37 478
10 38 496
10 39 284
10 40 365
10 41 432
10 42 449
10 43 309
10 44 286
10 45 405
10 46 435
10 47 406
10 48 475
10 49 440
10 50 286
10 51 268
10 52 377
10 53 462
10 54 334
10 55 318
10 56 437
10 57 487
10 58 488
10 59 440
10 60 326
10 61 407
10 62 254
10 63 437
10 64 368
10 65 306
10 66 426
10 67 496
10 68 346
10 69 377
10 70 408
10 71 263
10 72 403
10 73 308
10 74 337
10 75 299
10 76 423
10 77 411
10 78 425
10 79 329
10 80 401
10 81 378
10 82 272
10 83 494
10 84 497
10 85 485
10 86 333
10 87 436
10 88 438
10 89 478
10 90 319
10 91 478
10 92 333
10 93 310
10 94 270
10 95 288
10 96 314
10 97 298
10 98 322
10 99 396
11 1 398
11 2 385
11 3 407
11 4 375
11 5 338
11 6 500
11 7 496
11 8 296
11 9 484
11 10 298
11 12 499
11 13 442
11 14 361
11 15 391
11 16 459
11 17 295
11 18 313
11 19 307
11 20 366
11 21 286
11 22 407
11 23 426
11 24 354
11 25 330
11 26 437
11 27 348
11 28 470
11 29 331
11 30 302
11 31 359
11 32 343
11 33 293
11 34 380
11 35 498
11 36 343
11 37 353
11 38 495
11 39 487
11 40 392
11 41 422
11 42 487
11 43 276
11 44 405
11 45 387
11 46 257
11 47 258
11 48 468
11 49 406
11 50 362
11 51 320
11 52 271
11 53 398
11 54 380
11 55 415
11 56 425
11 57 274
11 58 468
11 59 314
11 60 400
11 61 484
11 62 334
11 63 375
11 64 417
11 65 444
11 66 500
11 67 391
11 68 432
11 69 431
11 70 442
11 71 353
11 72 263
11 73 386
11 74 266
11 75 401
11 76 260
11 77 436
11 78 346
11 79 295
11 80 435
11 81 293
11 82 469
11 83 496
11 84 300
11 85 331
11 86 402
11 87 406
11 88 333
11 89 440
11 90 296
11 91 323
11 92 467
11 93 483
11 94 430
11 95 415
11 96 398
11 97 496
11 98 258
11 99 282
12 1 487
12 2 476
12 3 336
12 4 312
12 5 464
12 6 339
12 7 309
12 8 498
12 9 321
12 10 313
12 11 499
12 13 275
12 14 294
12 15 260
12 16 290
12 17 361
12 18 469
12 19 412
12 20 469
12 21 376
12 22 310
12 23 489
12 24 346
12 25 403
12 26 276
12 27 407
12 28 445
12 29 364
12 30 500
12 31 466
12 32 305
12 33 469
12 34 408
12 35 251
12 36 474
12 37 295
12 38 282
12 39 297
12 40 426
12 41 462
12 42 353
12 43 287
12 44 480
12 45 299
12 46 251
12 47 313
12 48 267
12 49 412
12 50 289
12 51 292
12 52 416
12 53 370
12 54 261
12 55 480
12 56 423
12 57 439
12 58 482
12 59 435
12 60 356
12 61 326
12 62 430
12 63 426
12 64 378
12 65 403
12 66 294
12 67 319
12 68 330
12 69 251
12 70 481
12 71 400
12 72 466
12 73 372
12 74 302
12 75 322
12 76 250
12 77 337
12 78 298
12 79 306
12 80 259
12 81 463
12 82 268
12 83 479
12 84 450
12 85 407
12 86 491
12 87 318
12 88 358
12 89 478
12 90 280
12 91 422
12 92 414
12 93 273
12 94 345
12 95 428
12 96 419
12 97 467
12 98 424
12 99 428
13 1 458
13 2 299
13 3 375
13 4 325
13 5 384
13 6 295
13 7 335
13 8 314
13 9 395
13 10 349
13 11 442
13 12 275
13 14 330
13 15 273
13 16 376
13 17 414
13 18 383
13 19 487
13 20 408
13 21 491
13 22 328
13 23 283
13 24 439
13 25 267
13 26 334
13 27 290
13 28 324
13 29 258
13 30 320
13 31 433
13 32 463
13 33 347
13 34 324
13 35 499
13 36 275
13 37 322
13 38 370
13 39 373
13 40 355
13 41 391
13 42 384
13 43 446
13 44 276
13 45 481
13 46 339
13 47 481
13 48 455
13 49 259
13 50 263
13 51 499
13 52 316
13 53 497
13 54 474
13 55 364
13 56 499
13 57 456
13 58 310
13 59 456
13 60 379
13 61 381
13 62 456
13 63 398
13 64 431
13 65 464
13 66 336
13 67 441
13 68 338
13 69 276
13 70 295
13 71 476
13 72 493
13 73 358
13 74 376
13 75 390
13 76 251
13 77 457
13 78 492
13 79 321
13 80 400
13 81 267
13 82 305
13 83 413
13 84 412
13 85 280
13 86 280
13 87 407
13 88 317
13 89 410
13 90 264
13 91 405
13 92 363
13 93 495
13 94 446
13 95 403
13 96 420
13 97 391
13 98 473
13 99 367
14 1 256
14 2 397
14 3 331
14 4 396
14 5 395
14 6 260
14 7 391
14 8 269
14 9 261
14 10 491
14 11 361
14 12 294
14 13 330
14 15 435
14 16 481
14 17 291
14 18 435
14 19 250
14 20 286
14 21 285
14 22 355
14 23 261
14 24 456
14 25 298
14 26 265
14 27 404
14 28 453
14 29 314
14 30 323
14 31 487
14 32 381
14 33 287
14 34 367
14 35 425
14 36 447
14 37 285
14 38 302
14 39 272
14 40 253
14 41 393
14 42 395
14 43 363
14 44 276
14 45 337
14 46 452
14 47 336
14 48 444
14 49 442
14 50 299
14 51 460
14 52 262
14 53 286
14 54 330
14 55 255
14 56 326
14 57 308
14 58 263
14 59 431
14 60 329
14 61 314
14 62 414
14 63 341
14 64 352
14 65 265
14 66 391
14 67 490
14 68 361
14 69 277
14 70 332
14 71 396
14 72 355
14 73 499
14 74 298
14 75 429
14 76 330
14 77 369
14 78 269
14 79 342
14 80 262
14 81 480
14 82 469
14 83 348
14 84 464
14 85 421
14 86 393
14 87 333
14 88 331
14 89 282
14 90 455
14 91 487
14 92 411
14 93 418
14 94 404
14 95 277
14 96 489
14 97 370
14 98 461
14 99 486
15 1 357
15 2 496
15 3 258
15 4 496
15 5 429
15 6 286
15 7 405
15 8 270
15 9 255
15 10 451
15 11 391
15 12 260
15 13 273
15 14 435
15 16 253
15 17 306
15 18 478
15 19 439
15 20 318
15 21 311
15 22 498
15 23 456
15 24 438
15 25 394
15 26 409
15 27 342
15 28 343
15 29 438
15 30 476
15 31 319
15 32 303
15 33 349
15 34 251
15 35 356
15 36 491
15 37 283
15 38 323
15 39 266
15 40 381
15 41 303
15 42 451
15 43 321
15 44 499
15 45 488
15 46 399
15 47 323
15 48 433
15 49 445
15 50 479
15 51 487
15 52 255
15 53 284
15 54 393
15 55 323
15 56 431
15 57 259
15 58 456
15 59 265
15 60 456
15 61 463
15 62 350
15 63 416
15 64 326
15 65 257
15 66 269
15 67 395
15 68 253
15 69 351
15 70 286
15 71 304
15 72 493
15 73 256
15 74 315
15 75 410
15 76 349
15 77 488
15 78 253
15 79 454
15 80 396
15 81 474
15 82 433
15 83 417
15 84 255
15 85 308
15 86 408
15 87 490
15 88 258
15 89 353
15 90 472
15 91 486
15 92 485
15 93 282
15 94 366
15 95 381
15 96 338
15 97 365
15 98 353
15 99 470
16 1 486
16 2 374
16 3 302
16 4 350
16 5 488
16 6 490
16 7 331
16 8 281
16 9 457
16 10 343
16 11 459
16 12 290
16 13 376
16 14 481
16 15 253
16 17 476
16 18 472
16 19 424
16 20 327
16 21 476
16 22 456
16 23 300
16 24 299
16 25 303
16 26 487
16 27 287
16 28 491
16 29 379
16 30 260
16 31 272
16 32 297
16 33 258
16 34 414
16 35 342
16 36 464
16 37 331
16 38 386
16 39 427
16 40 430
16 41 325
16 42 356
16 43 497
16 44 449
16 45 472
16 46 459
16 47 410
16 48 467
16 49 305
16 50 308
16 51 326
16 52 347
16 53 341
16 54 262
16 55 382
16 56 323
16 57 404
16 58 346
16 59 368
16 60 433
16 61 477
16 62 439
16 63 443
16 64 290
16 65 493
16 66 349
16 67 367
16 68 269
16 69 452
16 70 432
16 71 363
16 72 451
16 73 285
16 74 360
16 75 364
16 76 250
16 77 441
16 78 484
16 79 414
16 80 339
16 81 468
16 82 423
16 83 271
16 84 405
16 85 266
16 86 428
16 87 498
16 88 427
16 89 434
16 90 350
16 91 256
16 92 287
16 93 346
16 94 451
16 95 334
16 96 339
16 97 325
16 98 365
16 99 343
17 1 363
17 2 340
17 3 275
17 4 313
17 5 351
17 6 425
17 7 418
17 8 295
17 9 467
17 10 323
17 11 295
17 12 361
17 13 414
17 14 291
17 15 306
17 16 476
17 18 265
17 19 281
17 20 360
17 21 266
17 22 358
17 23 456
17 24 464
17 25 478
17 26 267
17 27 409
17 28 255
17 29 455
17 30 343
17 31 364
17 32 447
17 33 457
17 34 424
17 35 431
17 36 373
17 37 458
17 38 366
17 39 461
17 40 376
17 41 305
17 42 416
17 43 465
17 44 263
17 45 416
17 46 378
17 47 367
17 48 326
17 49 487
17 50 402
17 51 408
17 52 397
17 53 479
17 54 257
17 55 315
17 56 471
17 57 332
17 58 304
17 59 285
17 60 380
17 61 497
17 62 262
17 63 438
17 64 483
17 65 500
17 66 466
17 67 378
17 68 267
17 69 456
17 70 378
17 71 298
17 72 303
17 73 434
17 74 457
17 75 358
17 76 390
17 77 437
17 78 388
17 79 500
17 80 408
17 81 288
17 82 339
17 83 438
17 84 329
17 85 391
17 86 359
17 87 390
17 88 412
17 89 294
17 90 302
17 91 410
17 92 415
17 93 472
17 94 287
17 95 330
17 96 282
17 97 358
17 98 464
17 99 393
18 1 485
18 2 389
18 3 474
18 4 446
18 5 332
18 6 329
18 7 366
18 8 440
18 9 370
18 10 418
18 11 313
18 12 469
18 13 383
18 14 435
18 15 478
18 16 472
18 17 265
18 19 303
18 20 323
18 21 492
18 22 426
18 23 426
18 24 370
18 25 295
18 26 261
18 27 456
18 28 452
18 29 271
18 30 326
18 31 353
18 32 474
18 33 362
18 34 382
18 35 405
18 36 413
18 37 292
18 38 259
18 39 333
18 40 478
18 41 395
18 42 264
18 43 285
18 44 394
18 45 264
18 46 336
18 47 332
18 48 477
18 49 373
18 50 391
18 51 321
18 52 319
18 53 338
18 54 313
18 55 336
18 56 381
18 57 295
18 58 417
18 59 380
18 60 468
18 61 464
18 62 378
18 63 454
18 64 460
18 65 302
18 66 321
18 67 373
18 68 296
18 69 460
18 70 495
18 71 465
18 72 337
18 73 489
18 74 461
18 75 458
18 76 253
18 77 468
18 78 386
18 79 464
18 80 334
18 81 411
18 82 464
18 83 265
18 84 366
18 85 285
18 86 347
18 87 324
18 88 441
18 89 391
18 90 327
18 91 363
18 92 439
18 93 422
18 94 294
18 95 469
18 96 354
18 97 299
18 98 291
18 99 400
19 1 313
19 2 317
19 3 408
19 4 347
19 5 351
19 6 414
19 7 497
19 8 294
19 9 465
19 10 397
19 11 307
19 12 412
19 13 487
19 14 250
19 15 439
19 16 424
19 17 281
19 18 303
19 20 288
19 21 500
19 22 255
19 23 271
19 24 322
19 25 296
19 26 392
19 27 305
19 28 425
19 29 481
19 30 318
19 31 322
19 32 287
19 33 405
19 34 427
19 35 431
19 36 362
19 37 418
19 38 338
19 39 439
19 40 265
19 41 314
19 42 389
19 43 472
19 44 358
19 45 279
19 46 258
19 47 257
19 48 396
19 49 330
19 50 267
19 51 454
19 52 336
19 53 298
19 54 258
19 55 450
19 56 439
19 57 314
19 58 322
19 59 347
19 60 372
19 61 438
19 62 316
19 63 284
19 64 321
19 65 300
19 66 279
19 67 343
19 68 262
19 69 439
19 70 316
19 71 362
19 72 482
19 73 488
19 74 471
19 75 487
19 76 331
19 77 269
19 78 287
19 79 410
19 80 304
19 81 264
19 82 496
19 83 424
19 84 434
19 85 371
19 86 275
19 87 496
19 88 292
19 89 319
19 90 404
19 91 306
19 92 467
19 93 426
19 94 261
19 95 483
19 96 328
19 97 388
19 98 416
19 99 310
20 1 495
20 2 432
20 3 353
20 4 362
20 5 412
20 6 317
20 7 251
20 8 387
20 9 400
20 10 413
20 11 366
20 12 469
20 13 408
20 14 286
20 15 318
20 16 327
20 17 360
20 18 323
20 19 288
20 21 369
20 22 283
20 23 290
20 24 394
20 25 460
20 26 442
20 27 325
20 28 398
20 29 255
20 30 303
20 31 398
20 32 482
20 33 380
20 34 496
20 35 290
20 36 405
20 37 438
20 38 468
20 39 442
20 40 283
20 41 492
20 42 436
20 43 451
20 44 422
20 45 308
20 46 358
20 47 492
20 48 485
20 49 379
20 50 445
20 51 298
20 52 420
20 53 313
20 54 383
20 55 284
20 56 253
20 57 355
20 58 268
20 59 375
20 60 412
20 61 339
20 62 309
20 63 441
20 64 468
20 65 402
20 66 294
20 67 377
20 68 347
20 69 432
20 70 486
20 71 418
20 72 447
20 73 408
20 74 348
20 75 317
20 76 454
20 77 348
20 78 465
20 79 476
20 80 316
20 81 381
20 82 488
20 83 278
20 84 457
20 85 381
20 86 296
20 87 417
20 88 418
20 89 373
20 90 403
20 91 390
20 92 493
20 93 427
20 94 309
20 95 311
20 96 500
20 97 266
20 98 412
20 99 315
21 1 337
21 2 433
21 3 467
21 4 371
21 5 337
21 6 493
21 7 256
21 8 284
21 9 277
21 10 489
21 11 286
21 12 376
21 13 491
21 14 285
21 15 311
21 16 476
21 17 266
21 18 492
21 19 500
21 20 369
21 22 479
21 23 349
21 24 362
21 25 466
21 26 303
21 27 474
21 28 331
21 29 406
21 30 372
21 31 432
21 32 436
21 33 467
21 34 438
21 35 291
21 36 288
21 37 434
21 38 400
21 39 403
21 40 281
21 41 494
21 42 278
21 43 363
21 44 322
21 45 298
21 46 338
21 47 479
21 48 495
21 49 456
21 50 415
21 51 422
21 52 295
21 53 345
21 54 290
21 55 335
21 56 340
21 57 393
21 58 426
21 59 282
21 60 362
21 61 294
21 62 372
21 63 356
21 64 309
21 65 375
21 66 346
21 67 419
21 68 257
21 69 476
21 70 443
21 71 423
21 72 308
21 73 388
21 74 348
21 75 393
21 76 264
21 77 450
21 78 402
21 79 278
21 80 472
21 81 499
21 82 489
21 83 492
21 84 356
21 85 385
21 86 426
21 87 442
21 88 323
21 89 345
21 90 395
21 91 345
21 92 498
21 93 423
21 94 323
21 95 271
21 96 497
21 97 434
21 98 293
21 99 330
22 1 378
22 2 467
22 3 277
22 4 355
22 5 380
22 6 429
22 7 334
22 8 345
22 9 400
22 10 419
22 11 407
22 12 310
22 13 328
22 14 355
22 15 498
22 16 456
22 17 358
22 18 426
22 19 255
22 20 283
22 21 479
22 23 491
22 24 445
22 25 489
22 26 372
22 27 260
22 28 453
22 29 336
22 30 397
22 31 487
22 32 441
22 33 347
22 34 368
22 35 267
22 36 480
22 37 464
22 38 497
22 39 411
22 40 254
22 41 250
22 42 488
22 43 491
22 44 342
22 45 334
22 46 282
22 47 254
22 48 446
22 49 471
22 50 471
22 51 450
22 52 399
22 53 259
22 54 344
22 55 271
22 56 278
22 57 478
22 58 400
22 59 447
22 60 466
22 61 268
22 62 495
22 63 411
22 64 345
22 65 286
22 66 283
22 67 440
22 68 404
22 69 385
22 70 453
22 71 440
22 72 363
22 73 449
22 74 314
22 75 255
22 76 353
22 77 412
22 78 353
22 79 329
22 80 294
22 81 404
22 82 406
22 83 266
22 84 413
22 85 369
22 86 331
22 87 386
22 88 480
22 89 437
22 90 383
22 91 311
22 92 402
22 93 366
22 94 261
22 95 442
22 96 428
22 97 411
22 98 306
22 99 442
23 1 445
23 2 315
23 3 500
23 4 403
23 5 418
23 6 419
23 7 292
23 8 279
23 9 448
23 10 391
23 11 426
23 12 489
23 13 283
23 14 261
23 15 456
23 16 300
23 17 456
23 18 426
23 19 271
23 20 290
23 21 349
23 22 491
23 24 459
23 25 404
23 26 322
23 27 374
23 28 378
23 29 429
23 30 336
23 31 471
23 32 416
23 33 405
23 34 296
23 35 446
23 36 458
23 37 381
23 38 460
23 39 500
23 40 285
23 41 287
23 42 331
23 43 259
23 44 411
23 45 355
23 46 359
23 47 257
23 48 445
23 49 343
23 50 283
23 51 304
23 52 272
23 53 443
23 54 412
23 55 348
23 56 485
23 57 328
23 58 410
23 59 269
23 60 423
23 61 442
23 62 304
23 63 364
23 64 368
23 65 394
23 66 392
23 67 471
23 68 407
23 69 431
23 70 390
23 71 409
23 72 365
23 73 336
23 74 369
23 75 346
23 76 308
23 77 350
23 78 443
23 79 427
23 80 317
23 81 316
23 82 486
23 83 471
23 84 457
23 85 439
23 86 284
23 87 261
23 88 296
23 89 279
23 90 407
23 91 462
23 92 426
23 93 326
23 94 413
23 95 398
23 96 377
23 97 285
23 98 378
23 99 422
24 1 495
24 2 386
24 3 467
24 4 404
24 5 390
24 6 404
24 7 401
24 8 329
24 9 380
24 10 359
24 11 354
24 12 346
24 13 439
24 14 456
24 15 438
24 16 299
24 17 464
24 18 370
24 19 322
24 20 394
24 21 362
24 22 445
24 23 459
24 25 429
24 26 315
24 27 397
24 28 345
24 29 333
24 30 383
24 31 456
24 32 405
24 33 362
24 34 484
24 35 417
24 36 459
24 37 418
24 38 348
24 39 378
24 40 308
24 41 328
24 42 402
24 43 341
24 44 477
24 45 325
24 46 266
24 47 394
24 48 460
24 49 274
24 50 403
24 51 439
24 52 308
24 53 380
24 54 461
24 55 479
24 56 286
24 57 283
24 58 254
24 59 428
24 60 344
24 61 283
24 62 267
24 63 415
24 64 455
24 65 272
24 66 285
24 67 492
24 68 341
24 69 275
24 70 274
24 71 365
24 72 384
24 73 254
24 74 373
24 75 341
24 76 434
24 77 425
24 78 250
24 79 433
24 80 454
24 81 350
24 82 482
24 83 297
24 84 495
24 85 270
24 86 365
24 87 289
24 88 381
24 89 413
24 90 345
24 91 294
24 92 397
24 93 332
24 94 448
24 95 267
24 96 445
24 97 425
24 98 496
24 99 426
25 1 352
25 2 307
25 3 314
25 4 433
25 5 295
25 6 487
25 7 463
25 8 300
25 9 312
25 10 273
25 11 330
25 12 403
25 13 267
25 14 298
25 15 394
25 16 303
25 17 478
25 18 295
25 19 296
25 20 460
25 21 466
25 22 489
25 23 404
25 24 429
25 26 425
25 27 367
25 28 357
25 29 427
25 30 289
25 31 424
25 32 462
25 33 350
25 34 298
25 35 490
25 36 434
25 37 470
25 38 444
25 39 379
25 40 345
25 41 420
25 42 281
25 43 302
25 44 436
25 45 259
25 46 375
25 47 274
25 48 286
25 49 396
25 50 378
25 51 467
25 52 292
25 53 368
25 54 279
25 55 482
25 56 396
25 57 268
25 58 267
25 59 442
25 60 470
25 61 488
25 62 382
25 63 498
25 64 465
25 65 304
25 66 284
25 67 433
25 68 299
25 69 415
25 70 355
25 71 280
25 72 286
25 73 382
25 74 407
25 75 373
25 76 259
25 77 482
25 78 301
25 79 278
25 80 362
25 81 270
25 82 394
25 83 481
25 84 479
25 85 384
25 86 250
25 87 477
25 88 301
25 89 250
25 90 288
25 91 280
25 92 482
25 93 460
25 94 410
25 95 299
25 96 322
25 97 312
25 98 477
25 99 477
26 1 373
26 2 355
26 3 403
26 4 460
26 5 475
26 6 380
26 7 421
26 8 315
26 9 382
26 10 320
26 11 437
26 12 276
26 13 334
26 14 265
26 15 409
26 16 487
26 17 267
26 18 261
26 19 392
26 20 442
26 21 303
26 22 372
26 23 322
26 24 315
26 25 425
26 27 489
26 28 466
26 29 333
26 30 458
26 31 482
26 32 408
26 33 255
26 34 452
26 35 456
26 36 263
26 37 371
26 38 374
26 39 437
26 40 481
26 41 300
26 42 394
26 43 290
26 44 487
26 45 448
26 46 306
26 47 375
26 48 306
26 49 293
26 50 330
26 51 500
26 52 303
26 53 386
26 54 366
26 55 455
26 56 297
26 57 387
26 58 420
26 59 307
26 60 470
26 61 457
26 62 293
26 63 304
26 64 492
26 65 446
26 66 327
26 67 352
26 68 436
26 69 434
26 70 285
26 71 252
26 72 402
26 73 374
26 74 407
26 75 323
26 76 405
26 77 330
26 78 306
26 79 359
26 80 329
26 81 265
26 82 265
26 83 345
26 84 493
26 85 450
26 86 343
26 87 265
26 88 309
26 89 259
26 90 478
26 91 391
26 92 408
26 93 331
26 94 425
26 95 410
26 96 355
26 97 344
26 98 447
26 99 253
27 1 387
27 2 496
27 3 371
27 4 300
27 5 312
27 6 380
27 7 495
27 8 264
27 9 275
27 10 494
27 11 348
27 12 407
27 13 290
27 14 404
27 15 342
27 16 287
27 17 409
27 18 456
27 19 305
27 20 325
27 21 474
27 22 260
27 23 374
27 24 397
27 25 367
27 26 489
27 28 264
27 29 443
27 30 267
27 31 490
27 32 479
27 33 291
27 34 459
27 35 403
27 36 447
27 37 393
27 38 407
27 39 261
27 40 458
27 41 329
27 42 443
27 43 484
27 44 443
27 45 301
27 46 311
27 47 447
27 48 317
27 49 375
27 50 279
27 51 298
27 52 375
27 53 405
27 54 376
27 55 320
27 56 367
27 57 252
27 58 251
27 59 448
27 60 412
27 61 457
27 62 345
27 63 328
27 64 426
27 65 448
27 66 311
27 67 297
27 68 299
27 69 255
27 70 423
27 71 454
27 72 494
27 73 477
27 74 454
27 75 415
27 76 417
27 77 500
27 78 389
27 79 393
27 80 284
27 81 393
27 82 435
27 83 270
27 84 469
27 85 297
27 86 480
27 87 408
27 88 262
27 89 266
27 90 353
27 91 488
27 92 494
27 93 496
27 94 362
27 95 387
27 96 473
27 97 441
27 98 381
27 99 442
28 1 474
28 2 364
28 3 482
28 4 330
28 5 286
28 6 335
28 7 345
28 8 354
28 9 372
28 10 424
28 11 470
28 12 445
28 13 324
28 14 453
28 15 343
28 16 491
28 17 255
28 18 452
28 19 425
28 20 398
28 21 331
28 22 453
28 23 378
28 24 345
28 25 357
28 26 466
28 27 264
28 29 316
28 30 399
28 31 446
28 32 470
28 33 350
28 34 418
28 35 327
28 36 456
28 37 252
28 38 323
28 39 324
28 40 430
28 41 475
28 42 409
28 43 395
28 44 481
28 45 435
28 46 404
28 47 303
28 48 374
28 49 377
28 50 440
28 51 466
28 52 274
28 53 381
28 54 256
28 55 267
28 56 353
28 57 306
28 58 424
28 59 329
28 60 467
28 61 270
28 62 324
28 63 287
28 64 352
28 65 496
28 66 305
28 67 393
28 68 253
28 69 446
28 70 384
28 71 313
28 72 328
28 73 429
28 74 466
28 75 253
28 76 263
28 77 418
28 78 385
28 79 272
28 80 451
28 81 296
28 82 488
28 83 297
28 84 299
28 85 408
28 86 315
28 87 295
28 88 500
28 89 479
28 90 295
28 91 411
28 92 424
28 93 452
28 94 375
28 95 345
28 96 378
28 97 446
28 98 402
28 99 422
29 1 301
29 2 491
29 3 402
29 4 428
29 5 398
29 6 468
29 7 335
29 8 410
29 9 266
29 10 414
29 11 331
29 12 364
29 13 258
29 14 314
29 15 438
29 16 379
29 17 455
29 18 271
29 19 481
29 20 255
29 21 406
29 22 336
29 23 429
29 24 333
29 25 427
29 26 333
29 27 443
29 28 316
29 30 290
29 31 382
29 32 291
29 33 299
29 34 311
29 35 467
29 36 403
29 37 457
29 38 459
29 39 261
29 40 392
29 41 301
29 42 397
29 43 348
29 44 295
29 45 384
29 46 358
29 47 444
29 48 365
29 49 416
29 50 374
29 51 470
29 52 495
29 53 264
29 54 493
29 55 371
29 56 265
29 57 401
29 58 389
29 59 291
29 60 433
29 61 358
29 62 261
29 63 410
29 64 447
29 65 307
29 66 365
29 67 310
29 68 365
29 69 463
29 70 415
29 71 306
29 72 271
29 73 402
29 74 285
29 75 441
29 76 408
29 77 450
29 78 370
29 79 441
29 80 382
29 81 381
29 82 454
29 83 454
29 84 284
29 85 332
29 86 399
29 87 437
29 88 429
29 89 331
29 90 457
29 91 412
29 92 385
29 93 333
29 94 251
29 95 431
29 96 273
29 97 267
29 98 410
29 99 351
30 1 354
30 2 499
30 3 320
30 4 298
30 5 273
30 6 412
30 7 489
30 8 302
30 9 278
30 10 324
30 11 302
30 12 500
30 13 320
30 14 323
30 15 476
30 16 260
30 17 343
30 18 326
30 19 318
30 20 303
30 21 372
30 22 397
30 23 336
30 24 383
30 25 289
30 26 458
30 27 267
30 28 399
30 29 290
30 31 265
30 32 250
30 33 495
30 34 479
30 35 463
30 36 398
30 37 466
30 38 432
30 39 452
30 40 332
30 41 365
30 42 285
30 43 327
30 44 296
30 45 468
30 46 468
30 47 257
30 48 358
30 49 438
30 50 282
30 51 302
30 52 448
30 53 390
30 54 292
30 55 357
30 56 463
30 57 463
30 58 418
30 59 315
30 60 311
30 61 330
30 62 351
30 63 341
30 64 274
30 65 485
30 66 254
30 67 373
30 68 473
30 69 303
30 70 338
30 71 405
30 72 431
30 73 379
30 74 485
30 75 346
30 76 336
30 77 366
30 78 483
30 79 251
30 80 257
30 81 322
30 82 267
30 83 305
30 84 357
30 85 385
30 86 390
30 87 368
30 88 474
30 89 265
30 90 495
30 91 394
30 92 425
30 93 257
30 94 361
30 95 286
30 96 257
30 97 316
30 98 350
30 99 314
31 1 338
31 2 266
31 3 265
31 4 275
31 5 493
31 6 451
31 7 363
31 8 440
31 9 385
31 10 490
31 11 359
31 12 466
31 13 433
31 14 487
31 15 319
31 16 272
31 17 364
31 18 353
31 19 322
31 20 398
31 21 432
31 22 487
31 23 471
31 24 456
31 25 424
31 26 482
31 27 490
31 28 446
31 29 382
31 30 265
31 32 255
31 33 482
31 34 399
31 35 492
31 36 474
31 37 450
31 38 432
31 39 362
31 40 314
31 41 344
31 42 304
31 43 252
31 44 496
31 45 455
31 46 444
31 47 395
31 48 475
31 49 409
31 50 299
31 51 333
31 52 253
31 53 334
31 54 317
31 55 464
31 56 324
31 57 441
31 58 426
31 59 428
31 60 263
31 61 254
31 62 415
31 63 427
31 64 326
31 65 453
31 66 475
31 67 364
31 68 376
31 69 280
31 70 484
31 71 499
31 72 378
31 73 257
31 74 254
31 75 398
31 76 479
31 77 283
31 78 254
31 79 489
31 80 297
31 81 398
31 82 271
31 83 436
31 84 480
31 85 375
31 86 340
31 87 259
31 88 261
31 89 262
31 90 340
31 91 410
31 92 284
31 93 343
31 94 451
31 95 459
31 96 482
31 97 384
31 98 294
31 99 282
32 1 417
32 2 499
32 3 410
32 4 429
32 5 423
32 6 495
32 7 315
32 8 443
32 9 440
32 10 277
32 11 343
32 12 305
32 13 463
32 14 381
32 15 303
32 16 297
32 17 447
32 18 474
32 19 287
32 20 482
32 21 436
32 22 441
32 23 416
32 24 405
32 25 462
32 26 408
32 27 479
32 28 470
32 29 291
32 30 250
32 31 255
32 33 281
32 34 253
32 35 311
32 36 259
32 37 328
32 38 392
32 39 500
32 40 266
32 41 382
32 42 379
32 43 375
32 44 277
32 45 253
32 46 444
32 47 291
32 48 298
32 49 410
32 50 311
32 51 443
32 52 457
32 53 362
32 54 332
32 55 309
32 56 476
32 57 347
32 58 433
32 59 421
32 60 302
32 61 313
32 62 386
32 63 363
32 64 450
32 65 321
32 66 294
32 67 450
32 68 347
32 69 297
32 70 458
32 71 464
32 72 406
32 73 358
32 74 480
32 75 428
32 76 351
32 77 464
32 78 368
32 79 254
32 80 417
32 81 323
32 82 424
32 83 495
32 84 443
32 85 378
32 86 353
32 87 277
32 88 395
32 89 405
32 90 278
32 91 393
32 92 321
32 93 421
32 94 353
32 95 265
32 96 483
32 97 312
32 98 275
32 99 352
33 1 393
33 2 430
33 3 255
33 4 309
33 5 432
33 6 268
33 7 430
33 8 403
33 9 495
33 10 398
33 11 293
33 12 469
33 13 347
33 14 287
33 15 349
33 16 258
33 17 457
33 18 362
33 19 405
33 20 380
33 21 467
33 22 347
33 23 405
33 24 362
33 25 350
33 26 255
33 27 291
33 28 350
33 29 299
33 30 495
33 31 482
33 32 281
33 34 384
33 35 500
33 36 492
33 37 395
33 38 329
33 39 455
33 40 318
33 41 398
33 42 342
33 43 430
33 44 452
33 45 324
33 46 341
33 47 498
33 48 277
33 49 483
33 50 473
33 51 364
33 52 380
33 53 426
33 54 420
33 55 424
33 56 420
33 57 442
33 58 298
33 59 303
33 60 281
33 61 262
33 62 469
33 63 295
33 64 334
33 65 466
33 66 366
33 67 461
33 68 416
33 69 324
33 70 301
33 71 453
33 72 415
33 73 413
33 74 297
33 75 465
33 76 381
33 77 270
33 78 480
33 79 396
33 80 470
33 81 379
33 82 250
33 83 269
33 84 350
33 85 388
33 86 258
33 87 442
33 88 303
33 89 458
33 90 488
33 91 263
33 92 444
33 93 422
33 94 468
33 95 325
33 96 478
33 97 377
33 98 482
33 99 379
34 1 357
34 2 463
34 3 366
34 4 404
34 5 452
34 6 433
34 7 415
34 8 274
34 9 308
34 10 379
34 11 380
34 12 408
34 13 324
34 14 367
34 15 251
34 16 414
34 17 424
34 18 382
34 19 427
34 20 496
34 21 438
34 22 368
34 23 296
34 24 484
34 25 298
34 26 452
34 27 459
34 28 418
34 29 311
34 30 479
34 31 399
34 32 253
34 33 384
34 35 456
34 36 432
34 37 306
34 38 297
34 39 343
34 40 359
34 41 343
34 42 413
34 43 280
34 44 416
34 45 474
34 46 391
34 47 288
34 48 450
34 49 454
34 50 252
34 51 384
34 52 458
34 53 464
34 54 386
34 55 442
34 56 470
34 57 488
34 58 303
34 59 346
34 60 325
34 61 360
34 62 351
34 63 413
34 64 475
34 65 346
34 66 417
34 67 325
34 68 307
34 69 473
34 70 321
34 71 333
34 72 358
34 73 442
34 74 367
34 75 340
34 76 328
34 77 261
34 78 452
34 79 256
34 80 431
34 81 304
34 82 485
34 83 339
34 84 441
34 85 454
34 86 495
34 87 448
34 88 359
34 89 273
34 90 420
34 91 251
34 92 393
34 93 374
34 94 471
34 95 302
34 96 302
34 97 339
34 98 353
34 99 459
35 1 367
35 2 381
35 3 287
35 4 369
35 5 262
35 6 299
35 7 267
35 8 354
35 9 448
35 10 414
35 11 498
35 12 251
35 13 499
35 14 425
35 15 356
35 16 342
35 17 431
35 18 405
35 19 431
35 20 290
35 21 291
35 22 267
35 23 446
35 24 417
35 25 490
35 26 456
35 27 403
35 28 327
35 29 467
35 30 463
35 31 492
35 32 311
35 33 500
35 34 456
35 36 421
35 37 428
35 38 320
35 39 291
35 40 267
35 41 377
35 42 371
35 43 274
35 44 414
35 45 447
35 46 301
35 47 276
35 48 263
35 49 289
35 50 422
35 51 482
35 52 377
35 53 448
35 54 296
35 55 408
35 56 416
35 57 354
35 58 309
35 59 343
35 60 285
35 61 475
35 62 461
35 63 348
35 64 253
35 65 308
35 66 433
35 67 280
35 68 252
35 69 440
35 70 293
35 71 332
35 72 414
35 73 340
35 74 408
35 75 320
35 76 465
35 77 307
35 78 287
35 79 470
35 80 458
35 81 469
35 82 380
35 83 257
35 84 362
35 85 352
35 86 391
35 87 259
35 88 409
35 89 298
35 90 289
35 91 453
35 92 348
35 93 490
35 94 443
35 95 439
35 96 255
35 97 369
35 98 381
35 99 496
36 1 253
36 2 495
36 3 278
36 4 444
36 5 425
36 6 431
36 7 348
36 8 463
36 9 279
36 10 414
36 11 343
36 12 474
36 13 275
36 14 447
36 15 491
36 16 464
36 17 373
36 18 413
36 19 362
36 20 405
36 21 288
36 22 480
36 23 458
36 24 459
36 25 434
36 26 263
36 27 447
36 28 456
36 29 403
36 30 398
36 31 474
36 32 259
36 33 492
36 34 432
36 35 421
36 37 299
36 38 474
36 39 394
36 40 368
36 41 478
36 42 359
36 43 277
36 44 436
36 45 281
36 46 482
36 47 483
36 48 430
36 49 253
36 50 500
36 51 331
36 52 498
36 53 460
36 54 498
36 55 355
36 56 445
36 57 426
36 58 362
36 59 395
36 60 313
36 61 453
36 62 402
36 63 374
36 64 443
36 65 304
36 66 387
36 67 310
36 68 430
36 69 452
36 70 411
36 71 443
36 72 388
36 73 492
36 74 460
36 75 306
36 76 406
36 77 250
36 78 418
36 79 287
36 80 299
36 81 480
36 82 451
36 83 371
36 84 422
36 85 351
36 86 386
36 87 499
36 88 449
36 89 428
36 90 363
36 91 359
36 92 313
36 93 322
36 94 266
36 95 309
36 96 304
36 97 362
36 98 301
36 99 346
37 1 264
37 2 299
37 3 459
37 4 260
37 5 465
37 6 475
37 7 382
37 8 303
37 9 349
37 10 478
37 11 353
37 12 295
37 13 322
37 14 285
37 15 283
37 16 331
37 17 458
37 18 292
37 19 418
37 20 438
37 21 434
37 22 464
37 23 381
37 24 418
37 25 470
37 26 371
37 27 393
37 28 252
37 29 457
37 30 466
37 31 450
37 32 328
37 33 395
37 34 306
37 35 428
37 36 299
37 38 399
37 39 424
37 40 262
37 41 322
37 42 354
37 43 295
37 44 415
37 45 380
37 46 427
37 47 252
37 48 437
37 49 292
37 50 499
37 51 460
37 52 255
37 53 408
37 54 317
37 55 340
37 56 293
37 57 438
37 58 478
37 59 313
37 60 366
37 61 469
37 62 331
37 63 370
37 64 469
37 65 421
37 66 291
37 67 350
37 68 326
37 69 460
37 70 293
37 71 353
37 72 393
37 73 449
37 74 493
37 75 349
37 76 492
37 77 381
37 78 437
37 79 396
37 80 307
37 81 313
37 82 420
37 83 489
37 84 330
37 85 282
37 86 399
37 87 325
37 88 441
37 89 460
37 90 281
37 91 325
37 92 346
37 93 364
37 94 447
37 95 465
37 96 496
37 97 466
37 98 413
37 99 328
38 1 435
38 2 297
38 3 314
38 4 393
38 5 360
38 6 441
38 7 404
38 8 261
38 9 450
38 10 496
38 11 495
38 12 282
38 13 370
38 14 302
38 15 323
38 16 386
38 17 366
38 18 259
38 19 338
38 20 468
38 21 400
38 22 497
38 23 460
38 24 348
38 25 444
38 26 374
38 27 407
38 28 323
38 29 459
38 30 432
38 31 432
38 32 392
38 33 329
38 34 297
38 35 320
38 36 474
38 37 399
38 39 488
38 40 459
38 41 404
38 42 292
38 43 257
38 44 489
38 45 491
38 46 325
38 47 325
38 48 453
38 49 450
38 50 397
38 51 382
38 52 367
38 53 389
38 54 356
38 55 405
38 56 414
38 57 393
38 58 254
38 59 266
38 60 458
38 61 484
38 62 284
38 63 281
38 64 395
38 65 433
38 66 271
38 67 284
38 68 284
38 69 371
38 70 446
38 71 470
38 72 500
38 73 443
38 74 419
38 75 400
38 76 278
38 77 349
38 78 315
38 79 424
38 80 401
38 81 380
38 82 471
38 83 422
38 84 468
38 85 459
38 86 318
38 87 318
38 88 313
38 89 376
38 90 436
38 91 340
38 92 276
38 93 379
38 94 475
38 95 305
38 96 493
38 97 484
38 98 458
38 99 284
39 1 476
39 2 475
39 3 430
39 4 401
39 5 476
39 6 319
39 7 457
39 8 429
39 9 314
39 10 284
39 11 487
39 12 297
39 13 373
39 14 272
39 15 266
39 16 427
39 17 461
39 18 333
39 19 439
39 20 442
39 21 403
39 22 411
39 23 500
39 24 378
39 25 379
39 26 437
39 27 261
39 28 324
39 29 261
39 30 452
39 31 362
39 32 500
39 33 455
39 34 343
39 35 291
39 36 394
39 37 424
39 38 488
39 40 419
39 41 379
39 42 457
39 43 312
39 44 445
39 45 380
39 46 381
39 47 392
39 48 436
39 49 402
39 50 419
39 51 382
39 52 495
39 53 419
39 54 368
39 55 357
39 56 403
39 57 494
39 58 366
39 59 284
39 60 377
39 61 277
39 62 378
39 63 442
39 64 309
39 65 352
39 66 409
39 67 278
39 68 279
39 69 415
39 70 465
39 71 272
39 72 262
39 73 303
39 74 448
39 75 407
39 76 481
39 77 347
39 78 495
39 79 410
39 80 410
39 81 282
39 82 462
39 83 323
39 84 413
39 85 363
39 86 297
39 87 498
39 88 464
39 89 376
39 90 315
39 91 439
39 92 362
39 93 314
39 94 493
39 95 454
39 96 333
39 97 326
39 98 262
39 99 352
40 1 252
40 2 396
40 3 449
40 4 323
40 5 449
40 6 291
40 7 315
40 8 294
40 9 302
40 10 365
40 11 392
40 12 426
40 13 355
40 14 253
40 15 381
40 16 430
40 17 376
40 18 478
40 19 265
40 20 283
40 21 281
40 22 254
40 23 285
40 24 308
40 25 345
40 26 481
40 27 458
40 28 430
40 29 392
40 30 332
40 31 314
40 32 266
40 33 318
40 34 359
40 35 267
40 36 368
40 37 262
40 38 459
40 39 419
40 41 324
40 42 481
40 43 288
40 44 264
40 45 462
40 46 442
40 47 316
40 48 403
40 49 350
40 50 297
40 51 266
40 52 326
40 53 483
40 54 450
40 55 355
40 56 371
40 57 450
40 58 418
40 59 250
40 60 356
40 61 477
40 62 451
40 63 310
40 64 273
40 65 254
40 66 408
40 67 273
40 68 427
40 69 396
40 70 289
40 71 432
40 72 344
40 73 250
40 74 349
40 75 440
40 76 308
40 77 334
40 78 488
40 79 275
40 80 365
40 81 332
40 82 282
40 83 450
40 84 297
40 85 401
40 86 463
40 87 370
40 88 303
40 89 315
40 90 447
40 91 327
40 92 358
40 93 280
40 94 468
40 95 359
40 96 380
40 97 397
40 98 283
40 99 317
41 1 365
41 2 304
41 3 335
41 4 456
41 5 357
41 6 371
41 7 312
41 8 491
41 9 405
41 10 432
41 11 422
41 12 462
41 13 391
41 14 393
41 15 303
41 16 325
41 17 305
41 18 395
41 19 314
41 20 492
41 21 494
41 22 250
41 23 287
41 24 328
41 25 420
41 26 300
41 27 329
41 28 475
41 29 301
41 30 365
41 31 344
41 32 382
41 33 398
41 34 343
41 35 377
41 36 478
41 37 322
41 38 404
41 39 379
41 40 324
41 42 283
41 43 387
41 44 322
41 45 438
41 46 272
41 47 442
41 48 314
41 49 337
41 50 352
41 51 372
41 52 325
41 53 478
41 54 448
41 55 459
41 56 373
41 57 428
41 58 438
41 59 450
41 60 252
41 61 390
41 62 462
41 63 371
41 64 278
41 65 277
41 66 360
41 67 496
41 68 444
41 69 451
41 70 253
41 71 442
41 72 487
41 73 272
41 74 356
41 75 405
41 76 472
41 77 465
41 78 461
41 79 464
41 80 415
41 81 348
41 82 342
41 83 252
41 84 326
41 85 291
41 86 457
41 87 492
41 88 451
41 89 380
41 90 437
41 91 405
41 92 349
41 93 258
41 94 291
41 95 282
41 96 254
41 97 370
41 98 304
41 99 320
42 1 271
42 2 394
42 3 277
42 4 289
42 5 431
42 6 377
42 7 276
42 8 448
42 9 351
42 10 449
42 11 487
42 12 353
42 13 384
42 14 395
42 15 451
42 16 356
42 17 416
42 18 264
