s 1 473
s 2 356
s 3 327
s 4 413
s 5 399
s 6 486
s 7 353
s 8 441
s 9 460
s 10 296
s 11 307
s 12 305
s 13 299
s 14 251
s 15 259
s 16 397
s 17 419
s 18 318
s 19 479
s 20 358
s 21 293
s 22 449
s 23 494
s 24 306
s 25 413
s 26 377
s 27 361
s 28 272
s 29 496
s 30 326
s 31 492
s 32 321
s 33 277
s 34 378
s 35 322
s 36 423
s 37 377
s 38 485
s 39 311
s 40 386
s 41 268
s 42 264
s 43 262
s 44 413
s 45 343
s 46 364
s 47 456
s 48 271
s 49 266
1 2 488
1 3 432
1 4 270
1 5 251
1 6 370
1 7 450
1 8 486
1 9 364
1 10 301
1 11 461
1 12 479
1 13 281
1 14 393
1 15 456
1 16 440
1 17 375
1 18 261
1 19 339
1 20 410
1 21 449
1 22 336
1 23 329
1 24 477
1 25 482
1 26 443
1 27 328
1 28 416
1 29 298
1 30 438
1 31 257
1 32 474
1 33 272
1 34 449
1 35 352
1 36 374
1 37 413
1 38 250
1 39 309
1 40 445
1 41 418
1 42 478
1 43 464
1 44 370
1 45 432
1 46 358
1 47 447
1 48 380
1 49 457
2 1 488
2 3 363
2 4 457
2 5 289
2 6 352
2 7 282
2 8 460
2 9 308
2 10 400
2 11 340
2 12 294
2 13 404
2 14 450
2 15 450
2 16 262
2 17 272
2 18 286
2 19 418
2 20 259
2 21 343
2 22 474
2 23 381
2 24 486
2 25 312
2 26 323
2 27 289
2 28 271
2 29 479
2 30 294
2 31 479
2 32 492
2 33 400
2 34 482
2 35 480
2 36 353
2 37 398
2 38 255
2 39 408
2 40 467
2 41 352
2 42 273
2 43 459
2 44 385
2 45 387
2 46 311
2 47 306
2 48 314
2 49 412
3 1 432
3 2 363
3 4 413
3 5 439
3 6 253
3 7 323
3 8 303
3 9 255
3 10 350
3 11 294
3 12 401
3 13 326
3 14 291
3 15 314
3 16 356
3 17 433
3 18 324
3 19 461
3 20 328
3 21 411
3 22 419
3 23 336
3 24 354
3 25 414
3 26 469
3 27 369
3 28 464
3 29 450
3 30 333
3 31 448
3 32 271
3 33 458
3 34 463
3 35 271
3 36 306
3 37 400
3 38 254
3 39 337
3 40 440
3 41 260
3 42 314
3 43 383
3 44 385
3 45 301
3 46 277
3 47 474
3 48 325
3 49 264
4 1 270
4 2 457
4 3 413
4 5 368
4 6 465
4 7 452
4 8 496
4 9 406
4 10 293
4 11 363
4 12 273
4 13 469
4 14 353
4 15 424
4 16 467
4 17 351
4 18 475
4 19 395
4 20 494
4 21 355
4 22 258
4 23 395
4 24 381
4 25 403
4 26 398
4 27 466
4 28 470
4 29 400
4 30 480
4 31 454
4 32 286
4 33 373
4 34 456
4 35 372
4 36 308
4 37 491
4 38 347
4 39 426
4 40 447
4 41 347
4 42 322
4 43 340
4 44 408
4 45 392
4 46 257
4 47 486
4 48 274
4 49 363
5 1 251
5 2 289
5 3 439
5 4 368
5 6 308
5 7 417
5 8 255
5 9 380
5 10 450
5 11 475
5 12 485
5 13 453
5 14 448
5 15 386
5 16 439
5 17 366
5 18 264
5 19 413
5 20 478
5 21 333
5 22 478
5 23 341
5 24 484
5 25 436
5 26 460
5 27 441
5 28 347
5 29 385
5 30 307
5 31 416
5 32 347
5 33 497
5 34 313
5 35 292
5 36 492
5 37 320
5 38 346
5 39 393
5 40 437
5 41 300
5 42 283
5 43 424
5 44 301
5 45 378
5 46 331
5 47 391
5 48 489
5 49 274
6 1 370
6 2 352
6 3 253
6 4 465
6 5 308
6 7 472
6 8 338
6 9 421
6 10 312
6 11 381
6 12 349
6 13 382
6 14 309
6 15 357
6 16 253
6 17 336
6 18 360
6 19 495
6 20 294
6 21 303
6 22 301
6 23 439
6 24 400
6 25 394
6 26 481
6 27 295
6 28 347
6 29 386
6 30 275
6 31 304
6 32 297
6 33 419
6 34 341
6 35 266
6 36 394
6 37 493
6 38 278
6 39 415
6 40 301
6 41 256
6 42 474
6 43 405
6 44 269
6 45 278
6 46 476
6 47 455
6 48 389
6 49 496
7 1 450
7 2 282
7 3 323
7 4 452
7 5 417
7 6 472
7 8 260
7 9 273
7 10 396
7 11 297
7 12 455
7 13 315
7 14 481
7 15 483
7 16 441
7 17 468
7 18 462
7 19 338
7 20 492
7 21 470
7 22 468
7 23 259
7 24 265
7 25 415
7 26 298
7 27 452
7 28 480
7 29 295
7 30 418
7 31 420
7 32 409
7 33 363
7 34 386
7 35 318
7 36 312
7 37 264
7 38 426
7 39 383
7 40 299
7 41 473
7 42 296
7 43 370
7 44 480
7 45 353
7 46 426
7 47 485
7 48 265
7 49 330
8 1 486
8 2 460
8 3 303
8 4 496
8 5 255
8 6 338
8 7 260
8 9 499
8 10 280
8 11 431
8 12 439
8 13 336
8 14 281
8 15 328
8 16 464
8 17 300
8 18 402
8 19 325
8 20 256
8 21 312
8 22 302
8 23 439
8 24 444
8 25 436
8 26 250
8 27 396
8 28 310
8 29 416
8 30 382
8 31 353
8 32 269
8 33 406
8 34 287
8 35 277
8 36 392
8 37 370
8 38 374
8 39 434
8 40 418
8 41 461
8 42 314
8 43 498
8 44 361
8 45 288
8 46 426
8 47 481
8 48 355
8 49 307
9 1 364
9 2 308
9 3 255
9 4 406
9 5 380
9 6 421
9 7 273
9 8 499
9 10 353
9 11 327
9 12 344
9 13 262
9 14 500
9 15 346
9 16 473
9 17 275
9 18 401
9 19 407
9 20 456
9 21 261
9 22 317
9 23 406
9 24 431
9 25 397
9 26 334
9 27 336
9 28 418
9 29 373
9 30 379
9 31 250
9 32 251
9 33 367
9 34 398
9 35 412
9 36 403
9 37 454
9 38 254
9 39 403
9 40 470
9 41 254
9 42 425
9 43 440
9 44 414
9 45 266
9 46 330
9 47 254
9 48 484
9 49 352
10 1 301
10 2 400
10 3 350
10 4 293
10 5 450
10 6 312
10 7 396
10 8 280
10 9 353
10 11 313
10 12 407
10 13 450
10 14 333
10 15 464
10 16 472
10 17 291
10 18 498
10 19 421
10 20 428
10 21 452
10 22 381
10 23 455
10 24 397
10 25 490
10 26 439
10 27 462
10 28 269
10 29 330
10 30 341
10 31 397
10 32 428
10 33 393
10 34 346
10 35 406
10 36 317
10 37 366
10 38 421
10 39 364
10 40 483
10 41 439
10 42 256
10 43 317
10 44 271
10 45 327
10 46 448
10 47 252
10 48 473
10 49 319
11 1 461
11 2 340
11 3 294
11 4 363
11 5 475
11 6 381
11 7 297
11 8 431
11 9 327
11 10 313
11 12 465
11 13 323
11 14 387
11 15 387
11 16 425
11 17 297
11 18 443
11 19 345
11 20 282
11 21 281
11 22 431
11 23 394
11 24 289
11 25 301
11 26 448
11 27 322
11 28 401
11 29 442
11 30 363
11 31 392
11 32 271
11 33 431
11 34 492
11 35 330
11 36 374
11 37 338
11 38 309
11 39 296
11 40 257
11 41 491
11 42 336
11 43 472
11 44 365
11 45 250
11 46 336
11 47 252
11 48 342
11 49 398
12 1 479
12 2 294
12 3 401
12 4 273
12 5 485
12 6 349
12 7 455
12 8 439
12 9 344
12 10 407
12 11 465
12 13 296
12 14 286
12 15 361
12 16 466
12 17 337
12 18 272
12 19 338
12 20 433
12 21 422
12 22 443
12 23 353
12 24 322
12 25 350
12 26 375
12 27 490
12 28 254
12 29 308
12 30 357
12 31 253
12 32 298
12 33 410
12 34 461
12 35 496
12 36 275
12 37 297
12 38 266
12 39 280
12 40 424
12 41 271
12 42 435
12 43 354
12 44 436
12 45 267
12 46 251
12 47 276
12 48 471
12 49 450
13 1 281
13 2 404
13 3 326
13 4 469
13 5 453
13 6 382
13 7 315
13 8 336
13 9 262
13 10 450
13 11 323
13 12 296
13 14 379
13 15 420
13 16 393
13 17 308
13 18 494
13 19 485
13 20 294
13 21 258
13 22 406
13 23 260
13 24 251
13 25 360
13 26 293
13 27 394
13 28 285
13 29 255
13 30 279
13 31 274
13 32 251
13 33 430
13 34 277
13 35 330
13 36 271
13 37 250
13 38 301
13 39 356
13 40 408
13 41 486
13 42 353
13 43 451
13 44 390
13 45 257
13 46 407
13 47 358
13 48 488
13 49 395
14 1 393
14 2 450
14 3 291
14 4 353
14 5 448
14 6 309
14 7 481
14 8 281
14 9 500
14 10 333
14 11 387
14 12 286
14 13 379
14 15 304
14 16 331
14 17 392
14 18 254
14 19 287
14 20 429
14 21 326
14 22 457
14 23 387
14 24 352
14 25 362
14 26 316
14 27 371
14 28 417
14 29 490
14 30 433
14 31 456
14 32 295
14 33 292
14 34 433
14 35 367
14 36 393
14 37 353
14 38 308
14 39 269
14 40 262
14 41 474
14 42 459
14 43 384
14 44 487
14 45 406
14 46 325
14 47 462
14 48 488
14 49 423
15 1 456
15 2 450
15 3 314
15 4 424
15 5 386
15 6 357
15 7 483
15 8 328
15 9 346
15 10 464
15 11 387
15 12 361
15 13 420
15 14 304
15 16 259
15 17 264
15 18 316
15 19 344
15 20 256
15 21 431
15 22 410
15 23 388
15 24 390
15 25 428
15 26 276
15 27 448
15 28 465
15 29 326
15 30 378
15 31 389
15 32 330
15 33 356
15 34 447
15 35 479
15 36 408
15 37 433
15 38 317
15 39 372
15 40 279
15 41 312
15 42 325
15 43 288
15 44 327
15 45 457
15 46 406
15 47 483
15 48 415
15 49 495
16 1 440
16 2 262
16 3 356
16 4 467
16 5 439
16 6 253
16 7 441
16 8 464
16 9 473
16 10 472
16 11 425
16 12 466
16 13 393
16 14 331
16 15 259
16 17 469
16 18 412
16 19 449
16 20 434
16 21 376
16 22 306
16 23 322
16 24 342
16 25 281
16 26 260
16 27 295
16 28 373
16 29 312
16 30 496
16 31 428
16 32 301
16 33 295
16 34 342
16 35 338
16 36 420
16 37 373
16 38 271
16 39 412
16 40 464
16 41 448
16 42 455
16 43 309
16 44 256
16 45 273
16 46 292
16 47 377
16 48 498
16 49 311
17 1 375
17 2 272
17 3 433
17 4 351
17 5 366
17 6 336
17 7 468
17 8 300
17 9 275
17 10 291
17 11 297
17 12 337
17 13 308
17 14 392
17 15 264
17 16 469
17 18 256
17 19 464
17 20 345
17 21 374
17 22 497
17 23 265
17 24 331
17 25 469
17 26 413
17 27 256
17 28 308
17 29 297
17 30 440
17 31 457
17 32 422
17 33 384
17 34 431
17 35 285
17 36 379
17 37 327
17 38 328
17 39 315
17 40 319
17 41 461
17 42 472
17 43 369
17 44 426
17 45 339
17 46 338
17 47 327
17 48 282
17 49 326
18 1 261
18 2 286
18 3 324
18 4 475
18 5 264
18 6 360
18 7 462
18 8 402
18 9 401
18 10 498
18 11 443
18 12 272
18 13 494
18 14 254
18 15 316
18 16 412
18 17 256
18 19 363
18 20 419
18 21 310
18 22 397
18 23 352
18 24 417
18 25 385
18 26 304
18 27 303
18 28 256
18 29 468
18 30 281
18 31 395
18 32 454
18 33 278
18 34 495
18 35 473
18 36 475
18 37 351
18 38 358
18 39 376
18 40 351
18 41 401
18 42 494
18 43 377
18 44 415
18 45 432
18 46 374
18 47 437
18 48 257
18 49 268
19 1 339
19 2 418
19 3 461
19 4 395
19 5 413
19 6 495
19 7 338
19 8 325
19 9 407
19 10 421
19 11 345
19 12 338
19 13 485
19 14 287
19 15 344
19 16 449
19 17 464
19 18 363
19 20 437
19 21 344
19 22 398
19 23 476
19 24 348
19 25 478
19 26 257
19 27 340
19 28 362
19 29 387
19 30 470
19 31 266
19 32 500
19 33 325
19 34 365
19 35 409
19 36 315
19 37 464
19 38 344
19 39 314
19 40 393
19 41 364
19 42 266
19 43 329
19 44 290
19 45 431
19 46 372
19 47 489
19 48 375
19 49 490
20 1 410
20 2 259
20 3 328
20 4 494
20 5 478
20 6 294
20 7 492
20 8 256
20 9 456
20 10 428
20 11 282
20 12 433
20 13 294
20 14 429
20 15 256
20 16 434
20 17 345
20 18 419
20 19 437
20 21 324
20 22 431
20 23 341
20 24 420
20 25 270
20 26 457
20 27 472
20 28 420
20 29 495
20 30 356
20 31 362
20 32 447
20 33 344
20 34 425
20 35 318
20 36 457
20 37 496
20 38 289
20 39 498
20 40 432
20 41 425
20 42 490
20 43 269
20 44 313
20 45 321
20 46 386
20 47 386
20 48 400
20 49 457
21 1 449
21 2 343
21 3 411
21 4 355
21 5 333
21 6 303
21 7 470
21 8 312
21 9 261
21 10 452
21 11 281
21 12 422
21 13 258
21 14 326
21 15 431
21 16 376
21 17 374
21 18 310
21 19 344
21 20 324
21 22 463
21 23 486
21 24 418
21 25 310
21 26 270
21 27 440
21 28 459
21 29 289
21 30 295
21 31 267
21 32 346
21 33 397
21 34 369
21 35 500
21 36 269
21 37 467
21 38 297
21 39 378
21 40 434
21 41 305
21 42 408
21 43 487
21 44 412
21 45 414
21 46 449
21 47 371
21 48 258
21 49 464
22 1 336
22 2 474
22 3 419
22 4 258
22 5 478
22 6 301
22 7 468
22 8 302
22 9 317
22 10 381
22 11 431
22 12 443
22 13 406
22 14 457
22 15 410
22 16 306
22 17 497
22 18 397
22 19 398
22 20 431
22 21 463
22 23 367
22 24 315
22 25 359
22 26 467
22 27 254
22 28 409
22 29 267
22 30 341
22 31 416
22 32 403
22 33 443
22 34 361
22 35 445
22 36 366
22 37 434
22 38 271
22 39 267
22 40 496
22 41 254
22 42 309
22 43 358
22 44 351
22 45 301
22 46 386
22 47 351
22 48 458
22 49 473
23 1 329
23 2 381
23 3 336
23 4 395
23 5 341
23 6 439
23 7 259
23 8 439
23 9 406
23 10 455
23 11 394
23 12 353
23 13 260
23 14 387
23 15 388
23 16 322
23 17 265
23 18 352
23 19 476
23 20 341
23 21 486
23 22 367
23 24 292
23 25 286
23 26 382
23 27 459
23 28 390
23 29 317
23 30 407
23 31 481
23 32 449
23 33 433
23 34 471
23 35 269
23 36 317
23 37 495
23 38 381
23 39 420
23 40 393
23 41 376
23 42 438
23 43 261
23 44 376
23 45 433
23 46 285
23 47 362
23 48 395
23 49 423
24 1 477
24 2 486
24 3 354
24 4 381
24 5 484
24 6 400
24 7 265
24 8 444
24 9 431
24 10 397
24 11 289
24 12 322
24 13 251
24 14 352
24 15 390
24 16 342
24 17 331
24 18 417
24 19 348
24 20 420
24 21 418
24 22 315
24 23 292
24 25 277
24 26 495
24 27 319
24 28 317
24 29 280
24 30 257
24 31 431
24 32 275
24 33 261
24 34 284
24 35 404
24 36 365
24 37 488
24 38 389
24 39 259
24 40 468
24 41 356
24 42 364
24 43 493
24 44 410
24 45 493
24 46 449
24 47 318
24 48 280
24 49 448
25 1 482
25 2 312
25 3 414
25 4 403
25 5 436
25 6 394
25 7 415
25 8 436
25 9 397
25 10 490
25 11 301
25 12 350
25 13 360
25 14 362
25 15 428
25 16 281
25 17 469
25 18 385
25 19 478
25 20 270
25 21 310
25 22 359
25 23 286
25 24 277
25 26 366
25 27 439
25 28 492
25 29 391
25 30 445
25 31 478
25 32 310
25 33 481
25 34 473
25 35 421
25 36 322
25 37 283
25 38 282
25 39 302
25 40 283
25 41 352
25 42 299
25 43 410
25 44 257
25 45 293
25 46 254
25 47 381
25 48 338
25 49 254
26 1 443
26 2 323
26 3 469
26 4 398
26 5 460
26 6 481
26 7 298
26 8 250
26 9 334
26 10 439
26 11 448
26 12 375
26 13 293
26 14 316
26 15 276
26 16 260
26 17 413
26 18 304
26 19 257
26 20 457
26 21 270
26 22 467
26 23 382
26 24 495
26 25 366
26 27 372
26 28 393
26 29 286
26 30 263
26 31 286
26 32 324
26 33 314
26 34 322
26 35 365
26 36 281
26 37 365
26 38 382
26 39 405
26 40 319
26 41 457
26 42 456
26 43 469
26 44 308
26 45 401
26 46 411
26 47 425
26 48 379
26 49 482
27 1 328
27 2 289
27 3 369
27 4 466
27 5 441
27 6 295
27 7 452
27 8 396
27 9 336
27 10 462
27 11 322
27 12 490
27 13 394
27 14 371
27 15 448
27 16 295
27 17 256
27 18 303
27 19 340
27 20 472
27 21 440
27 22 254
27 23 459
27 24 319
27 25 439
27 26 372
27 28 384
27 29 279
27 30 400
27 31 431
27 32 419
27 33 468
27 34 252
27 35 366
27 36 364
27 37 261
27 38 371
27 39 468
27 40 274
27 41 436
27 42 450
27 43 328
27 44 320
27 45 466
27 46 490
27 47 477
27 48 284
27 49 363
28 1 416
28 2 271
28 3 464
28 4 470
28 5 347
28 6 347
28 7 480
28 8 310
28 9 418
28 10 269
28 11 401
28 12 254
28 13 285
28 14 417
28 15 465
28 16 373
28 17 308
28 18 256
28 19 362
28 20 420
28 21 459
28 22 409
28 23 390
28 24 317
28 25 492
28 26 393
28 27 384
28 29 290
28 30 465
28 31 336
28 32 270
28 33 329
28 34 379
28 35 494
28 36 410
28 37 381
28 38 383
28 39 486
28 40 489
28 41 380
28 42 395
28 43 406
28 44 341
28 45 356
28 46 494
28 47 306
28 48 489
28 49 255
29 1 298
29 2 479
29 3 450
29 4 400
29 5 385
29 6 386
29 7 295
29 8 416
29 9 373
29 10 330
29 11 442
29 12 308
29 13 255
29 14 490
29 15 326
29 16 312
29 17 297
29 18 468
29 19 387
29 20 495
29 21 289
29 22 267
29 23 317
29 24 280
29 25 391
29 26 286
29 27 279
29 28 290
29 30 378
29 31 461
29 32 308
29 33 373
29 34 260
29 35 454
29 36 319
29 37 383
29 38 255
29 39 436
29 40 412
29 41 459
29 42 405
29 43 455
29 44 303
29 45 407
29 46 385
29 47 298
29 48 256
29 49 272
30 1 438
30 2 294
30 3 333
30 4 480
30 5 307
30 6 275
30 7 418
30 8 382
30 9 379
30 10 341
30 11 363
30 12 357
30 13 279
30 14 433
30 15 378
30 16 496
30 17 440
30 18 281
30 19 470
30 20 356
30 21 295
30 22 341
30 23 407
30 24 257
30 25 445
30 26 263
30 27 400
30 28 465
30 29 378
30 31 290
30 32 420
30 33 259
30 34 478
30 35 483
30 36 316
30 37 408
30 38 319
30 39 458
30 40 267
30 41 257
30 42 269
30 43 482
30 44 416
30 45 447
30 46 332
30 47 328
30 48 494
30 49 321
31 1 257
31 2 479
31 3 448
31 4 454
31 5 416
31 6 304
31 7 420
31 8 353
31 9 250
31 10 397
31 11 392
31 12 253
31 13 274
31 14 456
31 15 389
31 16 428
31 17 457
31 18 395
31 19 266
31 20 362
31 21 267
31 22 416
31 23 481
31 24 431
31 25 478
31 26 286
31 27 431
31 28 336
31 29 461
31 30 290
31 32 273
31 33 299
31 34 481
31 35 489
31 36 429
31 37 435
31 38 420
31 39 430
31 40 413
31 41 305
31 42 300
31 43 402
31 44 479
31 45 447
31 46 489
31 47 396
31 48 492
31 49 277
32 1 474
32 2 492
32 3 271
32 4 286
32 5 347
32 6 297
32 7 409
32 8 269
32 9 251
32 10 428
32 11 271
32 12 298
32 13 251
32 14 295
32 15 330
32 16 301
32 17 422
32 18 454
32 19 500
32 20 447
32 21 346
32 22 403
32 23 449
32 24 275
32 25 310
32 26 324
32 27 419
32 28 270
32 29 308
32 30 420
32 31 273
32 33 438
32 34 379
32 35 458
32 36 300
32 37 308
32 38 348
32 39 469
32 40 424
32 41 303
32 42 476
32 43 485
32 44 315
32 45 319
32 46 364
32 47 277
32 48 387
32 49 251
33 1 272
33 2 400
33 3 458
33 4 373
33 5 497
33 6 419
33 7 363
33 8 406
33 9 367
33 10 393
33 11 431
33 12 410
33 13 430
33 14 292
33 15 356
33 16 295
33 17 384
33 18 278
33 19 325
33 20 344
33 21 397
33 22 443
33 23 433
33 24 261
33 25 481
33 26 314
33 27 468
33 28 329
33 29 373
33 30 259
33 31 299
33 32 438
33 34 294
33 35 480
33 36 483
33 37 345
33 38 425
33 39 275
33 40 421
33 41 367
33 42 469
33 43 365
33 44 355
33 45 372
33 46 449
33 47 309
33 48 290
33 49 411
34 1 449
34 2 482
34 3 463
34 4 456
34 5 313
34 6 341
34 7 386
34 8 287
34 9 398
34 10 346
34 11 492
34 12 461
34 13 277
34 14 433
34 15 447
34 16 342
34 17 431
34 18 495
34 19 365
34 20 425
34 21 369
34 22 361
34 23 471
34 24 284
34 25 473
34 26 322
34 27 252
34 28 379
34 29 260
34 30 478
34 31 481
34 32 379
34 33 294
34 35 423
34 36 344
34 37 276
34 38 398
34 39 300
34 40 395
34 41 461
34 42 389
34 43 304
34 44 322
34 45 284
34 46 301
34 47 305
34 48 416
34 49 344
35 1 352
35 2 480
35 3 271
35 4 372
35 5 292
35 6 266
35 7 318
35 8 277
35 9 412
35 10 406
35 11 330
35 12 496
35 13 330
35 14 367
35 15 479
35 16 338
35 17 285
35 18 473
35 19 409
35 20 318
35 21 500
35 22 445
35 23 269
35 24 404
35 25 421
35 26 365
35 27 366
35 28 494
35 29 454
35 30 483
35 31 489
35 32 458
35 33 480
35 34 423
35 36 290
35 37 435
35 38 329
35 39 317
35 40 359
35 41 359
35 42 428
35 43 493
35 44 296
35 45 396
35 46 299
35 47 418
35 48 381
35 49 436
36 1 374
36 2 353
36 3 306
36 4 308
36 5 492
36 6 394
36 7 312
36 8 392
36 9 403
36 10 317
36 11 374
36 12 275
36 13 271
36 14 393
36 15 408
36 16 420
36 17 379
36 18 475
36 19 315
36 20 457
36 21 269
36 22 366
36 23 317
36 24 365
36 25 322
36 26 281
36 27 364
36 28 410
36 29 319
36 30 316
36 31 429
36 32 300
36 33 483
36 34 344
36 35 290
36 37 459
36 38 365
36 39 494
36 40 374
36 41 484
36 42 382
36 43 489
36 44 352
36 45 495
36 46 256
36 47 482
36 48 435
36 49 296
37 1 413
37 2 398
37 3 400
37 4 491
37 5 320
37 6 493
37 7 264
37 8 370
37 9 454
37 10 366
37 11 338
37 12 297
37 13 250
37 14 353
37 15 433
37 16 373
37 17 327
37 18 351
37 19 464
37 20 496
37 21 467
37 22 434
37 23 495
37 24 488
37 25 283
37 26 365
37 27 261
37 28 381
37 29 383
37 30 408
37 31 435
37 32 308
37 33 345
37 34 276
37 35 435
37 36 459
37 38 337
37 39 350
37 40 251
37 41 268
37 42 270
37 43 374
37 44 426
37 45 329
37 46 360
37 47 375
37 48 339
37 49 370
38 1 250
38 2 255
38 3 254
38 4 347
38 5 346
38 6 278
38 7 426
38 8 374
38 9 254
38 10 421
38 11 309
38 12 266
38 13 301
38 14 308
38 15 317
38 16 271
38 17 328
38 18 358
38 19 344
38 20 289
38 21 297
38 22 271
38 23 381
38 24 389
38 25 282
38 26 382
38 27 371
38 28 383
38 29 255
38 30 319
38 31 420
38 32 348
38 33 425
38 34 398
38 35 329
38 36 365
38 37 337
38 39 396
38 40 256
38 41 346
38 42 294
38 43 374
38 44 326
38 45 427
38 46 390
38 47 463
38 48 304
38 49 263
39 1 309
39 2 408
39 3 337
39 4 426
39 5 393
39 6 415
39 7 383
39 8 434
39 9 403
39 10 364
39 11 296
39 12 280
39 13 356
39 14 269
39 15 372
39 16 412
39 17 315
39 18 376
39 19 314
39 20 498
39 21 378
39 22 267
39 23 420
39 24 259
39 25 302
39 26 405
39 27 468
39 28 486
39 29 436
39 30 458
39 31 430
39 32 469
39 33 275
39 34 300
39 35 317
39 36 494
39 37 350
39 38 396
39 40 354
39 41 446
39 42 253
39 43 361
39 44 374
39 45 278
39 46 455
39 47 454
39 48 359
39 49 396
40 1 445
40 2 467
40 3 440
40 4 447
40 5 437
40 6 301
40 7 299
40 8 418
40 9 470
40 10 483
40 11 257
40 12 424
40 13 408
40 14 262
40 15 279
40 16 464
40 17 319
40 18 351
40 19 393
40 20 432
40 21 434
40 22 496
40 23 393
40 24 468
40 25 283
40 26 319
40 27 274
40 28 489
40 29 412
40 30 267
40 31 413
40 32 424
40 33 421
40 34 395
40 35 359
40 36 374
40 37 251
40 38 256
40 39 354
40 41 290
40 42 434
40 43 288
40 44 463
40 45 322
40 46 307
40 47 468
40 48 259
40 49 343
41 1 418
41 2 352
41 3 260
41 4 347
41 5 300
41 6 256
41 7 473
41 8 461
41 9 254
41 10 439
41 11 491
41 12 271
41 13 486
41 14 474
41 15 312
41 16 448
41 17 461
41 18 401
41 19 364
41 20 425
41 21 305
41 22 254
41 23 376
41 24 356
41 25 352
41 26 457
41 27 436
41 28 380
41 29 459
41 30 257
41 31 305
41 32 303
41 33 367
41 34 461
41 35 359
41 36 484
41 37 268
41 38 346
41 39 446
41 40 290
41 42 411
41 43 443
41 44 326
41 45 453
41 46 348
41 47 288
41 48 434
41 49 359
42 1 478
42 2 273
42 3 314
42 4 322
42 5 283
42 6 474
42 7 296
42 8 314
42 9 425
42 10 256
42 11 336
42 12 435
42 13 353
42 14 459
42 15 325
42 16 455
42 17 472
42 18 494
42 19 266
42 20 490
42 21 408
42 22 309
42 23 438
42 24 364
42 25 299
42 26 456
42 27 450
42 28 395
42 29 405
42 30 269
42 31 300
42 32 476
42 33 469
42 34 389
42 35 428
42 36 382
42 37 270
42 38 294
42 39 253
42 40 434
42 41 411
42 43 395
42 44 342
42 45 367
42 46 272
42 47 263
42 48 284
42 49 252
43 1 464
43 2 459
43 3 383
43 4 340
43 5 424
43 6 405
43 7 370
43 8 498
43 9 440
43 10 317
43 11 472
43 12 354
43 13 451
43 14 384
43 15 288
43 16 309
43 17 369
43 18 377
43 19 329
43 20 269
43 21 487
43 22 358
43 23 261
43 24 493
43 25 410
43 26 469
43 27 328
43 28 406
43 29 455
43 30 482
43 31 402
43 32 485
43 33 365
43 34 304
43 35 493
43 36 489
43 37 374
43 38 374
43 39 361
43 40 288
43 41 443
43 42 395
43 44 436
43 45 491
43 46 401
43 47 255
43 48 288
43 49 448
44 1 370
44 2 385
44 3 385
44 4 408
44 5 301
44 6 269
44 7 480
44 8 361
44 9 414
44 10 271
44 11 365
44 12 436
44 13 390
44 14 487
44 15 327
44 16 256
44 17 426
44 18 415
44 19 290
44 20 313
44 21 412
44 22 351
44 23 376
44 24 410
44 25 257
44 26 308
44 27 320
44 28 341
44 29 303
44 30 416
44 31 479
44 32 315
44 33 355
44 34 322
44 35 296
44 36 352
44 37 426
44 38 326
44 39 374
44 40 463
44 41 326
44 42 342
44 43 436
44 45 466
44 46 372
44 47 477
44 48 281
44 49 358
45 1 432
45 2 387
45 3 301
45 4 392
45 5 378
45 6 278
45 7 353
45 8 288
45 9 266
45 10 327
45 11 250
45 12 267
45 13 257
45 14 406
45 15 457
45 16 273
45 17 339
45 18 432
45 19 431
45 20 321
45 21 414
45 22 301
45 23 433
45 24 493
45 25 293
45 26 401
45 27 466
45 28 356
45 29 407
45 30 447
45 31 447
45 32 319
45 33 372
45 34 284
45 35 396
45 36 495
45 37 329
45 38 427
45 39 278
45 40 322
45 41 453
45 42 367
45 43 491
45 44 466
45 46 297
45 47 285
45 48 293
45 49 430
46 1 358
46 2 311
46 3 277
46 4 257
46 5 331
46 6 476
46 7 426
46 8 426
46 9 330
46 10 448
46 11 336
46 12 251
46 13 407
46 14 325
46 15 406
46 16 292
46 17 338
46 18 374
46 19 372
46 20 386
46 21 449
46 22 386
46 23 285
46 24 449
46 25 254
46 26 411
46 27 490
46 28 494
46 29 385
46 30 332
46 31 489
46 32 364
46 33 449
46 34 301
46 35 299
46 36 256
46 37 360
46 38 390
46 39 455
46 40 307
46 41 348
46 42 272
46 43 401
46 44 372
46 45 297
46 47 340
46 48 311
46 49 453
47 1 447
47 2 306
47 3 474
47 4 486
47 5 391
47 6 455
47 7 485
47 8 481
47 9 254
47 10 252
47 11 252
47 12 276
47 13 358
47 14 462
47 15 483
47 16 377
47 17 327
47 18 437
47 19 489
47 20 386
47 21 371
47 22 351
47 23 362
47 24 318
47 25 381
47 26 425
47 27 477
47 28 306
47 29 298
47 30 328
47 31 396
47 32 277
47 33 309
47 34 305
47 35 418
47 36 482
47 37 375
47 38 463
47 39 454
47 40 468
47 41 288
47 42 263
47 43 255
47 44 477
47 45 285
47 46 340
47 48 460
47 49 499
48 1 380
48 2 314
48 3 325
48 4 274
48 5 489
48 6 389
48 7 265
48 8 355
48 9 484
48 10 473
48 11 342
48 12 471
48 13 488
48 14 488
48 15 415
48 16 498
48 17 282
48 18 257
48 19 375
48 20 400
48 21 258
48 22 458
48 23 395
48 24 280
48 25 338
48 26 379
48 27 284
48 28 489
48 29 256
48 30 494
48 31 492
48 32 387
48 33 290
48 34 416
48 35 381
48 36 435
48 37 339
48 38 304
48 39 359
48 40 259
48 41 434
48 42 284
48 43 288
48 44 281
48 45 293
48 46 311
48 47 460
48 49 461
1 t 457
2 t 412
3 t 264
4 t 363
5 t 274
6 t 496
7 t 330
8 t 307
9 t 352
10 t 319
11 t 398
12 t 450
13 t 395
14 t 423
15 t 495
16 t 311
17 t 326
18 t 268
19 t 490
20 t 457
21 t 464
22 t 473
23 t 423
24 t 448
25 t 254
26 t 482
27 t 363
28 t 255
29 t 272
30 t 321
31 t 277
32 t 251
33 t 411
34 t 344
35 t 436
36 t 296
37 t 370
38 t 263
39 t 396
40 t 343
41 t 359
42 t 252
43 t 448
44 t 358
45 t 430
46 t 453
47 t 499
48 t 461
