s 1 90
s 2 9
s 8 111
s 15 143
s 17 2
s 20 10
s 23 136
s 24 8
s 25 218
s 26 171
s 27 104
s 29 188
1 2 114
1 3 55
1 4 192
1 5 133
1 9 241
1 24 198
1 25 200
2 1 114
2 6 206
2 8 10
2 10 180
2 19 137
2 23 40
2 28 74
3 1 55
3 11 76
3 27 4
3 28 151
4 1 192
4 17 83
4 18 55
4 25 58
4 26 5
4 28 5
5 1 133
5 8 240
5 14 28
5 18 209
5 19 41
5 21 234
5 24 140
5 25 83
6 2 206
6 15 223
6 16 87
6 19 96
6 20 138
6 24 195
6 29 217
7 11 216
7 12 61
7 16 53
7 17 63
7 21 66
7 24 225
7 28 20
7 29 101
8 2 10
8 5 240
8 12 235
8 14 232
8 25 188
8 26 151
8 27 163
8 28 107
9 1 241
9 10 228
9 11 233
9 17 195
9 19 1
9 25 125
9 26 176
9 27 73
10 2 180
10 9 228
10 13 198
10 16 154
10 18 207
10 20 232
10 21 24
10 23 226
10 24 58
10 29 61
11 3 76
11 7 216
11 9 233
11 12 198
11 16 243
11 18 134
11 20 138
11 21 88
11 23 201
11 26 195
11 27 201
12 7 61
12 8 235
12 11 198
12 14 245
12 18 31
12 21 126
12 25 135
12 27 64
13 10 198
13 16 188
13 23 220
13 24 227
13 27 102
14 5 28
14 8 232
14 12 245
14 15 117
14 16 237
14 19 179
15 6 223
15 14 117
15 19 124
15 24 171
15 28 150
15 29 153
16 6 87
16 7 53
16 10 154
16 11 243
16 13 188
16 14 237
16 19 205
16 20 55
16 24 249
16 25 103
16 28 174
17 4 83
17 7 63
17 9 195
17 18 148
17 20 223
17 27 143
18 4 55
18 5 209
18 10 207
18 11 134
18 12 31
18 17 148
18 25 166
18 26 17
19 2 137
19 5 41
19 6 96
19 9 1
19 14 179
19 15 124
19 16 205
19 24 57
19 25 111
19 26 161
19 28 69
20 6 138
20 10 232
20 11 138
20 16 55
20 17 223
20 23 149
20 24 83
21 5 234
21 7 66
21 10 24
21 11 88
21 12 126
21 23 193
21 27 190
22 24 31
22 27 117
22 29 231
23 2 40
23 10 226
23 11 201
23 13 220
23 20 149
23 21 193
24 1 198
24 5 140
24 6 195
24 7 225
24 10 58
24 13 227
24 15 171
24 16 249
24 19 57
24 20 83
24 22 31
24 25 123
24 29 107
25 1 200
25 4 58
25 5 83
25 8 188
25 9 125
25 12 135
25 16 103
25 18 166
25 19 111
25 24 123
25 27 67
26 4 5
26 8 151
26 9 176
26 11 195
26 18 17
26 19 161
27 3 4
27 8 163
27 9 73
27 11 201
27 12 64
27 13 102
27 17 143
27 21 190
27 22 117
27 25 67
27 29 17
28 2 74
28 3 151
28 4 5
28 7 20
28 8 107
28 15 150
28 16 174
28 19 69
6 t 217
7 t 101
10 t 61
15 t 153
22 t 231
24 t 107
27 t 17
