s 1 446
s 3 492
s 7 439
s 8 365
s 10 461
s 12 289
s 13 471
s 16 347
s 19 483
s 20 351
s 21 339
s 22 419
s 25 355
s 26 325
s 28 414
s 31 458
s 32 491
s 33 395
s 36 319
s 41 270
s 42 313
s 43 358
s 44 253
s 46 435
s 49 380
1 3 498
1 5 472
1 6 477
1 7 366
1 10 258
1 13 355
1 14 326
1 18 457
1 20 471
1 23 272
1 24 479
1 26 314
1 27 496
1 34 324
1 38 428
1 39 392
1 41 292
1 43 354
1 46 262
2 3 286
2 7 435
2 8 315
2 9 277
2 16 339
2 17 254
2 19 293
2 20 381
2 23 274
2 24 321
2 25 270
2 28 284
2 29 408
2 30 358
2 31 382
2 33 459
2 35 411
2 36 382
2 37 410
2 38 442
2 40 389
2 42 294
2 46 273
2 47 476
2 49 277
3 1 498
3 2 286
3 4 370
3 6 341
3 7 366
3 10 296
3 13 392
3 14 372
3 16 296
3 19 488
3 20 461
3 21 255
3 26 372
3 27 460
3 28 344
3 29 475
3 32 460
3 33 416
3 35 456
3 37 485
3 38 461
3 41 438
3 42 287
3 44 358
3 46 353
4 3 370
4 6 313
4 7 292
4 9 420
4 13 341
4 14 444
4 16 494
4 18 272
4 20 277
4 23 418
4 24 320
4 29 346
4 32 328
4 35 347
4 36 480
4 37 339
4 39 269
4 40 449
4 42 392
4 44 491
4 45 307
4 46 341
4 48 454
4 49 380
5 1 472
5 6 387
5 7 348
5 13 499
5 15 489
5 17 455
5 18 327
5 19 278
5 20 457
5 21 493
5 25 456
5 26 369
5 27 492
5 34 473
5 35 474
5 36 268
5 38 284
5 39 297
5 40 375
5 42 280
5 47 424
5 48 399
6 1 477
6 3 341
6 4 313
6 5 387
6 10 427
6 11 438
6 15 341
6 17 484
6 19 451
6 20 332
6 22 441
6 23 331
6 24 400
6 27 471
6 28 442
6 30 260
6 31 350
6 37 306
6 39 355
6 40 378
6 41 408
6 42 381
6 46 363
6 49 416
7 1 366
7 2 435
7 3 366
7 4 292
7 5 348
7 9 373
7 10 366
7 13 338
7 16 439
7 18 336
7 21 384
7 22 468
7 23 354
7 25 341
7 28 278
7 29 482
7 31 417
7 36 420
7 37 393
7 38 279
7 40 342
7 43 444
7 47 285
7 49 383
8 2 315
8 9 379
8 10 470
8 11 279
8 12 395
8 13 409
8 14 328
8 16 251
8 18 362
8 19 483
8 20 455
8 21 280
8 23 366
8 24 462
8 25 250
8 28 316
8 29 253
8 31 396
8 32 389
8 36 474
8 37 462
8 39 445
8 40 344
8 41 437
8 44 257
8 48 389
9 2 277
9 4 420
9 7 373
9 8 379
9 11 327
9 12 275
9 13 469
9 15 484
9 16 298
9 17 290
9 18 498
9 19 469
9 25 263
9 27 344
9 28 264
9 30 302
9 31 396
9 32 395
9 33 368
9 36 319
9 37 500
9 39 338
9 43 313
9 44 374
9 45 257
9 48 272
9 49 291
10 1 258
10 3 296
10 6 427
10 7 366
10 8 470
10 11 445
10 12 382
10 13 447
10 17 487
10 18 286
10 21 483
10 22 440
10 24 420
10 25 452
10 27 280
10 28 271
10 30 371
10 32 274
10 36 331
10 38 303
10 39 289
10 40 326
10 41 441
10 43 338
10 44 302
10 45 381
10 47 306
11 6 438
11 8 279
11 9 327
11 10 445
11 12 455
11 15 419
11 16 367
11 17 406
11 18 398
11 20 345
11 23 495
11 25 485
11 28 409
11 31 350
11 32 380
11 33 493
11 35 264
11 38 383
11 39 453
11 41 358
11 42 496
11 46 331
11 48 270
11 49 300
12 8 395
12 9 275
12 10 382
12 11 455
12 14 345
12 15 314
12 16 375
12 18 384
12 19 416
12 20 467
12 21 272
12 22 426
12 24 414
12 26 377
12 27 417
12 29 403
12 30 325
12 31 327
12 33 250
12 34 301
12 35 343
12 36 320
12 37 412
12 38 373
13 1 355
13 3 392
13 4 341
13 5 499
13 7 338
13 8 409
13 9 469
13 10 447
13 16 315
13 18 385
13 19 492
13 20 324
13 23 395
13 24 259
13 26 363
13 30 436
13 33 340
13 35 478
13 41 400
13 42 286
13 43 281
13 44 302
13 46 388
13 49 419
14 1 326
14 3 372
14 4 444
14 8 328
14 12 345
14 15 481
14 16 468
14 17 439
14 24 291
14 27 425
14 28 463
14 30 276
14 31 419
14 34 473
14 35 403
14 37 370
14 40 403
14 42 442
14 44 290
14 45 470
14 48 402
14 49 423
15 5 489
15 6 341
15 9 484
15 11 419
15 12 314
15 14 481
15 16 322
15 19 397
15 22 293
15 26 265
15 27 368
15 28 391
15 31 415
15 32 439
15 39 328
15 44 375
15 45 299
15 46 477
15 47 364
15 48 431
16 2 339
16 3 296
16 4 494
16 7 439
16 8 251
16 9 298
16 11 367
16 12 375
16 13 315
16 14 468
16 15 322
16 17 487
16 18 380
16 19 477
16 21 253
16 25 279
16 26 487
16 28 284
16 29 311
16 31 473
16 33 301
16 34 432
16 37 386
16 38 488
16 39 269
16 41 277
16 43 393
16 44 399
16 45 320
16 47 267
17 2 254
17 5 455
17 6 484
17 9 290
17 10 487
17 11 406
17 14 439
17 16 487
17 18 434
17 19 282
17 21 428
17 23 390
17 25 492
17 26 298
17 27 264
17 29 270
17 31 276
17 33 265
17 34 424
17 35 259
17 37 340
17 38 481
17 41 386
17 43 296
17 44 375
17 45 460
17 49 302
18 1 457
18 4 272
18 5 327
18 7 336
18 8 362
18 9 498
18 10 286
18 11 398
18 12 384
18 13 385
18 16 380
18 17 434
18 20 465
18 21 375
18 22 395
18 23 473
18 24 322
18 25 268
18 28 318
18 29 389
18 30 263
18 31 255
18 32 500
18 33 302
18 34 485
18 35 262
18 39 439
18 42 366
18 43 357
18 45 311
18 47 293
18 49 451
19 2 293
19 3 488
19 5 278
19 6 451
19 8 483
19 9 469
19 12 416
19 13 492
19 15 397
19 16 477
19 17 282
19 21 320
19 23 279
19 24 484
19 26 303
19 27 275
19 28 377
19 35 421
19 36 411
19 39 295
19 40 424
19 43 327
19 44 416
19 45 253
19 46 335
19 47 294
20 1 471
20 2 381
20 3 461
20 4 277
20 5 457
20 6 332
20 8 455
20 11 345
20 12 467
20 13 324
20 18 465
20 22 487
20 23 281
20 25 450
20 26 405
20 27 455
20 29 311
20 30 443
20 33 446
20 34 295
20 36 460
20 37 317
20 45 368
20 47 381
20 48 455
20 49 347
21 3 255
21 5 493
21 7 384
21 8 280
21 10 483
21 12 272
21 16 253
21 17 428
21 18 375
21 19 320
21 22 408
21 27 453
21 28 335
21 29 270
21 30 477
21 31 297
21 32 454
21 35 451
21 36 256
21 45 366
21 47 445
21 49 481
22 6 441
22 7 468
22 10 440
22 12 426
22 15 293
22 18 395
22 20 487
22 21 408
22 25 474
22 26 380
22 27 358
22 28 287
22 29 289
22 30 332
22 31 489
22 32 292
22 34 436
22 36 344
22 37 370
22 38 486
22 40 333
22 41 377
22 43 352
22 45 284
23 1 272
23 2 274
23 4 418
23 6 331
23 7 354
23 8 366
23 11 495
23 13 395
23 17 390
23 18 473
23 19 279
23 20 281
23 25 350
23 28 328
23 31 261
23 32 365
23 33 252
23 34 261
23 35 486
23 37 330
23 40 419
23 41 274
23 42 320
23 43 262
23 44 400
23 48 445
23 49 368
24 1 479
24 2 321
24 4 320
24 6 400
24 8 462
24 10 420
24 12 414
24 13 259
24 14 291
24 18 322
24 19 484
24 26 461
24 28 455
24 29 448
24 32 278
24 33 329
24 39 405
24 40 422
24 42 296
24 43 445
24 46 257
25 2 270
25 5 456
25 7 341
25 8 250
25 9 263
25 10 452
25 11 485
25 16 279
25 17 492
25 18 268
25 20 450
25 22 474
25 23 350
25 29 448
25 32 325
25 33 407
25 34 331
25 36 381
25 40 408
25 42 446
25 43 350
25 44 256
25 45 367
25 46 342
25 47 426
26 1 314
26 3 372
26 5 369
26 12 377
26 13 363
26 15 265
26 16 487
26 17 298
26 19 303
26 20 405
26 22 380
26 24 461
26 27 444
26 30 380
26 33 357
26 34 378
26 36 477
26 37 288
26 38 469
26 39 333
26 40 252
26 41 411
26 44 443
26 45 350
26 46 259
26 47 330
27 1 496
27 3 460
27 5 492
27 6 471
27 9 344
27 10 280
27 12 417
27 14 425
27 15 368
27 17 264
27 19 275
27 20 455
27 21 453
27 22 358
27 26 444
27 28 319
27 30 292
27 35 486
27 36 398
27 38 294
27 39 408
27 42 385
27 43 413
27 44 344
27 45 387
27 46 292
27 47 375
27 48 298
27 49 441
28 2 284
28 3 344
28 6 442
28 7 278
28 8 316
28 9 264
28 10 271
28 11 409
28 14 463
28 15 391
28 16 284
28 18 318
28 19 377
28 21 335
28 22 287
28 23 328
28 24 455
28 27 319
28 29 427
28 30 250
28 31 282
28 33 458
28 34 498
28 36 452
28 38 442
28 40 460
28 42 487
28 43 420
28 46 497
28 47 312
28 49 372
29 2 408
29 3 475
29 4 346
29 7 482
29 8 253
29 12 403
29 16 311
29 17 270
29 18 389
29 20 311
29 21 270
29 22 289
29 24 448
29 25 448
29 28 427
29 31 338
29 35 349
29 37 427
29 38 257
29 40 438
29 41 347
29 42 355
29 43 361
29 44 282
29 45 361
29 47 353
29 49 353
30 2 358
30 6 260
30 9 302
30 10 371
30 12 325
30 13 436
30 14 276
30 18 263
30 20 443
30 21 477
30 22 332
30 26 380
30 27 292
30 28 250
30 32 323
30 35 309
30 38 343
30 39 445
30 41 281
30 42 464
30 43 425
30 45 361
30 46 285
30 47 489
30 49 477
31 2 382
31 6 350
31 7 417
31 8 396
31 9 396
31 11 350
31 12 327
31 14 419
31 15 415
31 16 473
31 17 276
31 18 255
31 21 297
31 22 489
31 23 261
31 28 282
31 29 338
31 32 319
31 33 427
31 34 317
31 37 344
31 39 487
31 43 399
31 44 370
31 46 310
32 3 460
32 4 328
32 8 389
32 9 395
32 10 274
32 11 380
32 15 439
32 18 500
32 21 454
32 22 292
32 23 365
32 24 278
32 25 325
32 30 323
32 31 319
32 33 483
32 34 361
32 35 464
32 36 403
32 37 417
32 38 251
32 39 398
32 40 417
32 41 466
32 46 272
32 48 493
32 49 272
33 2 459
33 3 416
33 9 368
33 11 493
33 12 250
33 13 340
33 16 301
33 17 265
33 18 302
33 20 446
33 23 252
33 24 329
33 25 407
33 26 357
33 28 458
33 31 427
33 32 483
33 35 403
33 36 307
33 37 342
33 38 288
33 41 479
33 43 261
33 44 301
33 46 450
33 47 343
33 49 334
34 1 324
34 5 473
34 12 301
34 14 473
34 16 432
34 17 424
34 18 485
34 20 295
34 22 436
34 23 261
34 25 331
34 26 378
34 28 498
34 31 317
34 32 361
34 36 258
34 37 267
34 40 334
34 42 481
34 43 441
34 48 435
35 2 411
35 3 456
35 4 347
35 5 474
35 11 264
35 12 343
35 13 478
35 14 403
35 17 259
35 18 262
35 19 421
35 21 451
35 23 486
35 27 486
35 29 349
35 30 309
35 32 464
35 33 403
35 36 282
35 37 357
35 38 263
35 40 410
35 41 306
35 42 360
35 45 405
35 46 267
35 48 437
35 49 331
36 2 382
36 4 480
36 5 268
36 7 420
36 8 474
36 9 319
36 10 331
36 12 320
36 19 411
36 20 460
36 21 256
36 22 344
36 25 381
36 26 477
36 27 398
36 28 452
36 32 403
36 33 307
36 34 258
36 35 282
36 37 371
36 40 384
36 41 353
36 42 425
36 43 399
36 44 258
36 45 325
36 48 330
37 2 410
37 3 485
37 4 339
37 6 306
37 7 393
37 8 462
37 9 500
37 12 412
37 14 370
37 16 386
37 17 340
37 20 317
37 22 370
37 23 330
37 26 288
37 29 427
37 31 344
37 32 417
37 33 342
37 34 267
37 35 357
37 36 371
37 42 470
37 43 269
37 46 491
37 49 402
38 1 428
38 2 442
38 3 461
38 5 284
38 7 279
38 10 303
38 11 383
38 12 373
38 16 488
38 17 481
38 22 486
38 26 469
38 27 294
38 28 442
38 29 257
38 30 343
38 32 251
38 33 288
38 35 263
38 40 353
38 46 357
38 47 281
38 48 361
39 1 392
39 4 269
39 5 297
39 6 355
39 8 445
39 9 338
39 10 289
39 11 453
39 15 328
39 16 269
39 18 439
39 19 295
39 24 405
39 26 333
39 27 408
39 30 445
39 31 487
39 32 398
39 41 471
39 43 402
39 46 498
39 47 319
39 49 296
40 2 389
40 4 449
40 5 375
40 6 378
40 7 342
40 8 344
40 10 326
40 14 403
40 19 424
40 22 333
40 23 419
40 24 422
40 25 408
40 26 252
40 28 460
40 29 438
40 32 417
40 34 334
40 35 410
40 36 384
40 38 353
40 46 333
40 47 329
40 49 331
41 1 292
41 3 438
41 6 408
41 8 437
41 10 441
41 11 358
41 13 400
41 16 277
41 17 386
41 22 377
41 23 274
41 26 411
41 29 347
41 30 281
41 32 466
41 33 479
41 35 306
41 36 353
41 39 471
41 43 374
41 45 343
41 47 267
42 2 294
42 3 287
42 4 392
42 5 280
42 6 381
42 11 496
42 13 286
42 14 442
42 18 366
42 23 320
42 24 296
42 25 446
42 27 385
42 28 487
42 29 355
42 30 464
42 34 481
42 35 360
42 36 425
42 37 470
42 43 360
42 44 397
42 46 351
43 1 354
43 7 444
43 9 313
43 10 338
43 13 281
43 16 393
43 17 296
43 18 357
43 19 327
43 22 352
43 23 262
43 24 445
43 25 350
43 27 413
43 28 420
43 29 361
43 30 425
43 31 399
43 33 261
43 34 441
43 36 399
43 37 269
43 39 402
43 41 374
43 42 360
43 44 494
43 46 443
43 48 354
44 3 358
44 4 491
44 8 257
44 9 374
44 10 302
44 13 302
44 14 290
44 15 375
44 16 399
44 17 375
44 19 416
44 23 400
44 25 256
44 26 443
44 27 344
44 29 282
44 31 370
44 33 301
44 36 258
44 42 397
44 43 494
44 45 466
44 46 442
44 47 441
44 49 359
45 4 307
45 9 257
45 10 381
45 14 470
45 15 299
45 16 320
45 17 460
45 18 311
45 19 253
45 20 368
45 21 366
45 22 284
45 25 367
45 26 350
45 27 387
45 29 361
45 30 361
45 35 405
45 36 325
45 41 343
45 44 466
45 47 387
46 1 262
46 2 273
46 3 353
46 4 341
46 6 363
46 11 331
46 13 388
46 15 477
46 19 335
46 24 257
46 25 342
46 26 259
46 27 292
46 28 497
46 30 285
46 31 310
46 32 272
46 33 450
46 35 267
46 37 491
46 38 357
46 39 498
46 40 333
46 42 351
46 43 443
46 44 442
46 48 402
46 49 327
47 2 476
47 5 424
47 7 285
47 10 306
47 15 364
47 16 267
47 18 293
47 19 294
47 20 381
47 21 445
47 25 426
47 26 330
47 27 375
47 28 312
47 29 353
47 30 489
47 33 343
47 38 281
47 39 319
47 40 329
47 41 267
47 44 441
47 45 387
47 48 271
47 49 301
48 4 454
48 5 399
48 8 389
48 9 272
48 11 270
48 14 402
48 15 431
48 20 455
48 23 445
48 27 298
48 32 493
48 34 435
48 35 437
48 36 330
48 38 361
48 43 354
48 46 402
48 47 271
48 49 487
2 t 277
4 t 380
6 t 416
7 t 383
9 t 291
11 t 300
13 t 419
14 t 423
17 t 302
18 t 451
20 t 347
21 t 481
23 t 368
27 t 441
28 t 372
29 t 353
30 t 477
32 t 272
33 t 334
35 t 331
37 t 402
39 t 296
40 t 331
44 t 359
46 t 327
47 t 301
48 t 487
