s 2 66
s 4 240
s 8 93
s 10 83
s 14 64
s 18 192
s 25 80
s 26 59
s 27 205
1 7 114
1 14 147
1 15 157
1 16 196
1 25 181
1 27 128
2 9 244
2 10 108
2 16 232
2 17 200
2 18 108
2 20 183
2 26 176
2 29 212
3 4 156
3 7 103
3 10 141
3 12 224
3 15 133
3 19 84
3 23 165
3 24 188
3 29 137
4 3 156
4 8 245
4 13 86
4 16 106
4 20 117
4 28 244
5 9 207
5 12 195
5 13 135
5 18 139
5 22 183
5 25 245
5 26 157
6 16 213
6 20 180
6 23 87
6 25 187
7 1 114
7 3 103
7 8 227
7 9 58
7 10 70
7 11 62
7 12 136
7 18 202
7 25 212
7 26 154
7 27 138
7 29 77
8 4 245
8 7 227
8 10 102
8 13 126
8 15 192
8 16 53
8 18 170
8 20 124
8 21 220
8 25 225
9 2 244
9 5 207
9 7 58
9 14 135
9 16 176
9 19 77
9 23 219
10 2 108
10 3 141
10 7 70
10 8 102
10 20 166
10 22 169
10 26 86
10 27 169
10 28 211
11 7 62
11 13 187
11 18 85
11 19 77
11 20 170
11 21 153
12 3 224
12 5 195
12 7 136
12 13 173
12 14 184
12 16 210
12 17 76
12 20 96
12 27 222
12 28 169
13 4 86
13 5 135
13 8 126
13 11 187
13 12 173
13 25 68
13 29 159
14 1 147
14 9 135
14 12 184
14 18 51
14 21 116
14 24 244
14 25 201
14 26 197
15 1 157
15 3 133
15 8 192
15 20 114
15 21 202
15 22 231
15 23 198
15 28 72
15 29 220
16 1 196
16 2 232
16 4 106
16 6 213
16 8 53
16 9 176
16 12 210
16 17 140
16 24 185
16 25 67
16 29 123
17 2 200
17 12 76
17 16 140
17 18 76
17 24 215
17 27 124
18 2 108
18 5 139
18 7 202
18 8 170
18 11 85
18 14 51
18 17 76
18 22 53
18 23 186
18 26 120
19 3 84
19 9 77
19 11 77
19 24 57
19 26 115
19 27 186
19 28 233
19 29 105
20 2 183
20 4 117
20 6 180
20 8 124
20 10 166
20 11 170
20 12 96
20 15 114
20 21 152
20 24 181
20 25 116
20 28 220
20 29 170
21 8 220
21 11 153
21 14 116
21 15 202
21 20 152
21 27 170
22 5 183
22 10 169
22 15 231
22 18 53
22 26 201
22 27 108
23 3 165
23 6 87
23 9 219
23 15 198
23 18 186
23 24 194
23 25 247
23 27 112
24 3 188
24 14 244
24 16 185
24 17 215
24 19 57
24 20 181
24 23 194
24 25 96
24 28 169
25 1 181
25 5 245
25 6 187
25 7 212
25 8 225
25 13 68
25 14 201
25 16 67
25 20 116
25 23 247
25 24 96
25 29 62
26 2 176
26 5 157
26 7 154
26 10 86
26 14 197
26 18 120
26 19 115
26 22 201
27 1 128
27 7 138
27 10 169
27 12 222
27 17 124
27 19 186
27 21 170
27 22 108
27 23 112
28 4 244
28 10 211
28 12 169
28 15 72
28 19 233
28 20 220
28 24 169
28 29 144
2 t 212
3 t 137
7 t 77
13 t 159
15 t 220
16 t 123
19 t 105
20 t 170
25 t 62
28 t 144
