s 1 94
s 2 174
s 3 53
s 4 133
s 5 116
s 6 133
s 7 238
s 8 231
s 9 107
s 10 179
s 11 149
s 12 222
s 13 112
s 14 104
s 15 193
s 16 99
s 17 84
s 18 58
s 19 183
s 20 167
s 21 157
s 22 166
s 23 168
s 24 190
s 25 129
s 26 243
s 27 239
s 28 101
s 29 241
s 30 150
s 31 199
s 32 233
s 33 226
s 34 222
s 35 149
s 36 147
s 37 184
s 38 208
s 39 196
s 40 184
s 41 115
s 42 155
s 43 77
s 44 186
s 45 239
s 46 202
s 47 249
s 48 121
s 49 215
s 50 84
s 51 70
s 52 228
s 53 133
s 54 136
s 55 188
s 56 163
s 57 156
s 58 180
s 59 109
s 60 77
s 61 227
s 62 148
s 63 204
s 64 168
s 65 238
s 66 201
s 67 232
s 68 86
s 69 240
s 70 195
s 71 220
s 72 131
s 73 80
s 74 159
s 75 181
s 76 68
s 77 185
s 78 109
s 79 239
s 80 108
s 81 213
s 82 149
s 83 196
s 84 166
s 85 149
s 86 69
s 87 213
s 88 169
s 89 194
s 90 86
s 91 122
s 92 208
s 93 113
s 94 101
s 95 241
s 96 212
s 97 233
s 98 151
s 99 186
1 2 103
1 3 173
1 4 106
1 5 75
1 6 227
1 7 210
1 8 162
1 9 96
1 10 210
1 11 73
1 12 99
1 13 234
1 14 130
1 15 117
1 16 50
1 17 190
1 18 99
1 19 141
1 20 125
1 21 241
1 22 110
1 23 208
1 24 239
1 25 65
1 26 76
1 27 70
1 28 62
1 29 61
1 30 215
1 31 109
1 32 138
1 33 235
1 34 224
1 35 176
1 36 193
1 37 250
1 38 156
1 39 96
1 40 219
1 41 184
1 42 222
1 43 246
1 44 102
1 45 146
1 46 155
1 47 117
1 48 129
1 49 222
1 50 98
1 51 181
1 52 238
1 53 199
1 54 170
1 55 195
1 56 148
1 57 200
1 58 201
1 59 247
1 60 165
1 61 82
1 62 77
1 63 53
1 64 235
1 65 235
1 66 217
1 67 178
1 68 142
1 69 63
1 70 163
1 71 230
1 72 242
1 73 60
1 74 108
1 75 205
1 76 86
1 77 243
1 78 242
1 79 136
1 80 143
1 81 183
1 82 62
1 83 118
1 84 219
1 85 142
1 86 103
1 87 146
1 88 189
1 89 211
1 90 74
1 91 194
1 92 123
1 93 56
1 94 92
1 95 147
1 96 93
1 97 179
1 98 178
1 99 181
2 1 103
2 3 142
2 4 68
2 5 212
2 6 196
2 7 185
2 8 115
2 9 193
2 10 106
2 11 230
2 12 145
2 13 234
2 14 85
2 15 102
2 16 132
2 17 58
2 18 94
2 19 148
2 20 63
2 21 105
2 22 175
2 23 85
2 24 216
2 25 190
2 26 234
2 27 226
2 28 147
2 29 105
2 30 62
2 31 201
2 32 73
2 33 91
2 34 180
2 35 209
2 36 123
2 37 55
2 38 105
2 39 204
2 40 129
2 41 187
2 42 148
2 43 91
2 44 60
2 45 101
2 46 80
2 47 246
2 48 85
2 49 59
2 50 138
2 51 179
2 52 123
2 53 67
2 54 162
2 55 100
2 56 129
2 57 154
2 58 160
2 59 50
2 60 191
2 61 90
2 62 210
2 63 176
2 64 213
2 65 193
2 66 226
2 67 77
2 68 240
2 69 198
2 70 150
2 71 70
2 72 227
2 73 115
2 74 240
2 75 174
2 76 163
2 77 100
2 78 114
2 79 66
2 80 110
2 81 102
2 82 190
2 83 188
2 84 97
2 85 63
2 86 68
2 87 137
2 88 183
2 89 188
2 90 118
2 91 122
2 92 120
2 93 149
2 94 186
2 95 194
2 96 230
2 97 225
2 98 175
2 99 159
3 1 173
3 2 142
3 4 123
3 5 154
3 6 91
3 7 116
3 8 238
3 9 190
3 10 248
3 11 88
3 12 84
3 13 116
3 14 248
3 15 188
3 16 118
3 17 131
3 18 149
3 19 230
3 20 85
3 21 228
3 22 72
3 23 233
3 24 162
3 25 220
3 26 173
3 27 242
3 28 222
3 29 108
3 30 175
3 31 57
3 32 58
3 33 238
3 34 233
3 35 212
3 36 227
3 37 158
3 38 183
3 39 188
3 40 90
3 41 182
3 42 203
3 43 152
3 44 220
3 45 229
3 46 57
3 47 191
3 48 61
3 49 71
3 50 51
3 51 191
3 52 94
3 53 207
3 54 163
3 55 124
3 56 231
3 57 158
3 58 212
3 59 165
3 60 102
3 61 152
3 62 85
3 63 142
3 64 153
3 65 81
3 66 132
3 67 70
3 68 148
3 69 160
3 70 167
3 71 124
3 72 109
3 73 149
3 74 84
3 75 249
3 76 244
3 77 64
3 78 199
3 79 181
3 80 180
3 81 140
3 82 127
3 83 153
3 84 179
3 85 213
3 86 116
3 87 148
3 88 87
3 89 159
3 90 223
3 91 95
3 92 198
3 93 208
3 94 209
3 95 191
3 96 178
3 97 94
3 98 63
3 99 203
4 1 106
4 2 68
4 3 123
4 5 192
4 6 189
4 7 110
4 8 240
4 9 145
4 10 157
4 11 128
4 12 220
4 13 180
4 14 218
4 15 228
4 16 67
4 17 143
4 18 77
4 19 229
4 20 89
4 21 108
4 22 190
4 23 227
4 24 215
4 25 108
4 26 226
4 27 122
4 28 78
4 29 231
4 30 106
4 31 102
4 32 131
4 33 209
4 34 131
4 35 223
4 36 67
4 37 124
4 38 239
4 39 207
4 40 245
4 41 171
4 42 204
4 43 94
4 44 210
4 45 238
4 46 61
4 47 190
4 48 76
4 49 105
4 50 220
4 51 246
4 52 193
4 53 243
4 54 236
4 55 114
4 56 73
4 57 159
4 58 204
4 59 147
4 60 110
4 61 162
4 62 95
4 63 93
4 64 142
4 65 141
4 66 95
4 67 80
4 68 244
4 69 249
4 70 172
4 71 233
4 72 209
4 73 197
4 74 96
4 75 225
4 76 52
4 77 60
4 78 173
4 79 215
4 80 173
4 81 197
4 82 146
4 83 236
4 84 220
4 85 128
4 86 240
4 87 196
4 88 92
4 89 209
4 90 51
4 91 50
4 92 99
4 93 203
4 94 189
4 95 67
4 96 244
4 97 129
4 98 98
4 99 106
5 1 75
5 2 212
5 3 154
5 4 192
5 6 168
5 7 60
5 8 205
5 9 106
5 10 218
5 11 200
5 12 171
5 13 50
5 14 153
5 15 228
5 16 50
5 17 228
5 18 228
5 19 231
5 20 217
5 21 98
5 22 72
5 23 60
5 24 121
5 25 131
5 26 134
5 27 54
5 28 213
5 29 159
5 30 140
5 31 57
5 32 55
5 33 64
5 34 86
5 35 161
5 36 132
5 37 115
5 38 98
5 39 86
5 40 104
5 41 101
5 42 171
5 43 237
5 44 175
5 45 243
5 46 120
5 47 119
5 48 247
5 49 69
5 50 85
5 51 200
5 52 179
5 53 109
5 54 149
5 55 212
5 56 242
5 57 226
5 58 247
5 59 250
5 60 165
5 61 191
5 62 140
5 63 230
5 64 102
5 65 71
5 66 160
5 67 130
5 68 120
5 69 130
5 70 127
5 71 146
5 72 217
5 73 175
5 74 72
5 75 61
5 76 186
5 77 163
5 78 90
5 79 196
5 80 141
5 81 129
5 82 225
5 83 179
5 84 66
5 85 246
5 86 224
5 87 226
5 88 107
5 89 165
5 90 97
5 91 142
5 92 162
5 93 128
5 94 62
5 95 159
5 96 197
5 97 114
5 98 110
5 99 240
6 1 227
6 2 196
6 3 91
6 4 189
6 5 168
6 7 174
6 8 98
6 9 170
6 10 198
6 11 56
6 12 136
6 13 115
6 14 123
6 15 90
6 16 53
6 17 92
6 18 133
6 19 184
6 20 194
6 21 178
6 22 79
6 23 73
6 24 131
6 25 209
6 26 132
6 27 50
6 28 55
6 29 172
6 30 167
6 31 63
6 32 101
6 33 114
6 34 230
6 35 180
6 36 100
6 37 219
6 38 91
6 39 230
6 40 92
6 41 108
6 42 63
6 43 81
6 44 190
6 45 52
6 46 127
6 47 105
6 48 133
6 49 222
6 50 219
6 51 172
6 52 146
6 53 133
6 54 100
6 55 62
6 56 164
6 57 180
6 58 221
6 59 204
6 60 241
6 61 173
6 62 104
6 63 151
6 64 232
6 65 158
6 66 99
6 67 169
6 68 109
6 69 139
6 70 227
6 71 147
6 72 52
6 73 212
6 74 126
6 75 78
6 76 163
6 77 225
6 78 171
6 79 110
6 80 81
6 81 91
6 82 109
6 83 197
6 84 247
6 85 107
6 86 236
6 87 155
6 88 114
6 89 197
6 90 141
6 91 250
6 92 233
6 93 227
6 94 127
6 95 227
6 96 232
6 97 119
6 98 204
6 99 103
7 1 210
7 2 185
7 3 116
7 4 110
7 5 60
7 6 174
7 8 183
7 9 249
7 10 90
7 11 84
7 12 118
7 13 104
7 14 67
7 15 126
7 16 213
7 17 108
7 18 194
7 19 168
7 20 74
7 21 149
7 22 148
7 23 130
7 24 101
7 25 196
7 26 228
7 27 101
7 28 112
7 29 131
7 30 108
7 31 114
7 32 64
7 33 88
7 34 231
7 35 65
7 36 217
7 37 159
7 38 231
7 39 232
7 40 115
7 41 60
7 42 94
7 43 80
7 44 203
7 45 116
7 46 171
7 47 129
7 48 113
7 49 127
7 50 156
7 51 52
7 52 162
7 53 168
7 54 143
7 55 131
7 56 215
7 57 83
7 58 128
7 59 230
7 60 98
7 61 137
7 62 138
7 63 185
7 64 53
7 65 113
7 66 243
7 67 83
7 68 119
7 69 196
7 70 216
7 71 183
7 72 144
7 73 150
7 74 111
7 75 221
7 76 150
7 77 129
7 78 219
7 79 75
7 80 71
7 81 195
7 82 223
7 83 224
7 84 148
7 85 155
7 86 207
7 87 185
7 88 238
7 89 201
7 90 199
7 91 234
7 92 113
7 93 239
7 94 83
7 95 123
7 96 95
7 97 166
7 98 65
7 99 113
8 1 162
8 2 115
8 3 238
8 4 240
8 5 205
8 6 98
8 7 183
8 9 121
8 10 250
8 11 124
8 12 93
8 13 137
8 14 178
8 15 218
8 16 208
8 17 243
8 18 107
8 19 206
8 20 63
8 21 182
8 22 152
8 23 135
8 24 159
8 25 206
8 26 134
8 27 151
8 28 165
8 29 240
8 30 83
8 31 179
8 32 186
8 33 58
8 34 200
8 35 106
8 36 101
8 37 112
8 38 107
8 39 156
8 40 202
8 41 86
8 42 180
8 43 181
8 44 151
8 45 182
8 46 150
8 47 59
8 48 165
8 49 190
8 50 221
8 51 140
8 52 152
8 53 147
8 54 94
8 55 235
8 56 121
8 57 206
8 58 93
8 59 50
8 60 132
8 61 133
8 62 64
8 63 185
8 64 81
8 65 90
8 66 166
8 67 243
8 68 238
8 69 230
8 70 63
8 71 125
8 72 109
8 73 61
8 74 91
8 75 103
8 76 59
8 77 174
8 78 159
8 79 125
8 80 192
8 81 64
8 82 100
8 83 114
8 84 183
8 85 150
8 86 99
8 87 222
8 88 145
8 89 172
8 90 60
8 91 157
8 92 154
8 93 65
8 94 92
8 95 181
8 96 169
8 97 181
8 98 191
8 99 61
9 1 96
9 2 193
9 3 190
9 4 145
9 5 106
9 6 170
9 7 249
9 8 121
9 10 99
9 11 164
9 12 64
9 13 137
9 14 133
9 15 169
9 16 87
9 17 175
9 18 215
9 19 100
9 20 115
9 21 238
9 22 158
9 23 220
9 24 150
9 25 121
9 26 228
9 27 232
9 28 85
9 29 172
9 30 106
9 31 201
9 32 192
9 33 184
9 34 206
9 35 172
9 36 216
9 37 133
9 38 61
9 39 173
9 40 226
9 41 161
9 42 155
9 43 89
9 44 182
9 45 222
9 46 233
9 47 132
9 48 198
9 49 74
9 50 245
9 51 233
9 52 161
9 53 205
9 54 99
9 55 158
9 56 121
9 57 79
9 58 99
9 59 73
9 60 125
9 61 81
9 62 207
9 63 160
9 64 87
9 65 194
9 66 149
9 67 90
9 68 149
9 69 227
9 70 119
9 71 144
9 72 202
9 73 160
9 74 200
9 75 104
9 76 76
9 77 87
9 78 128
9 79 85
9 80 144
9 81 249
9 82 225
9 83 103
9 84 226
9 85 86
9 86 92
9 87 225
9 88 154
9 89 55
9 90 145
9 91 91
9 92 138
9 93 224
9 94 142
9 95 52
9 96 169
9 97 249
9 98 142
9 99 134
10 1 210
10 2 106
10 3 248
10 4 157
10 5 218
10 6 198
10 7 90
10 8 250
10 9 99
10 11 156
10 12 126
10 13 132
10 14 63
10 15 227
10 16 132
10 17 77
10 18 88
10 19 237
10 20 202
10 21 198
10 22 215
10 23 133
10 24 130
10 25 95
10 26 53
10 27 212
10 28 176
10 29 247
10 30 212
10 31 87
10 32 197
10 33 55
10 34 76
10 35 239
10 36 84
10 37 240
10 38 210
10 39 91
10 40 121
10 41 223
10 42 186
10 43 207
10 44 193
10 45 62
10 46 217
10 47 166
10 48 174
10 49 123
10 50 104
10 51 97
10 52 214
10 53 207
10 54 187
10 55 190
10 56 162
10 57 58
10 58 105
10 59 166
10 60 139
10 61 163
10 62 79
10 63 172
10 64 217
10 65 149
10 66 151
10 67 64
10 68 107
10 69 78
10 70 89
10 71 109
10 72 166
10 73 172
10 74 192
10 75 220
10 76 147
10 77 240
10 78 163
10 79 246
10 80 226
10 81 154
10 82 243
10 83 182
10 84 101
10 85 126
10 86 104
10 87 116
10 88 107
10 89 128
10 90 154
10 91 100
10 92 76
10 93 209
10 94 136
10 95 159
10 96 235
10 97 172
10 98 217
10 99 159
11 1 73
11 2 230
11 3 88
11 4 128
11 5 200
11 6 56
11 7 84
11 8 124
11 9 164
11 10 156
11 12 222
11 13 223
11 14 67
11 15 77
11 16 250
11 17 108
11 18 180
11 19 56
11 20 90
11 21 169
11 22 219
11 23 86
11 24 123
11 25 182
11 26 212
11 27 81
11 28 158
11 29 141
11 30 157
11 31 190
11 32 224
11 33 208
11 34 201
11 35 225
11 36 237
11 37 75
11 38 198
11 39 246
11 40 218
11 41 231
11 42 79
11 43 134
11 44 122
11 45 245
11 46 83
11 47 159
11 48 96
11 49 58
11 50 176
11 51 110
11 52 114
11 53 86
11 54 165
11 55 107
11 56 100
11 57 222
11 58 62
11 59 209
11 60 206
11 61 194
11 62 143
11 63 140
11 64 215
11 65 226
11 66 81
11 67 241
11 68 156
11 69 134
11 70 193
11 71 240
11 72 178
11 73 238
11 74 104
11 75 188
11 76 239
11 77 210
11 78 114
11 79 69
11 80 83
11 81 204
11 82 97
11 83 108
11 84 129
11 85 131
11 86 91
11 87 117
11 88 73
11 89 178
11 90 118
11 91 181
11 92 93
11 93 110
11 94 134
11 95 61
11 96 149
11 97 138
11 98 101
11 99 155
12 1 99
12 2 145
12 3 84
12 4 220
12 5 171
12 6 136
12 7 118
12 8 93
12 9 64
12 10 126
12 11 222
12 13 103
12 14 127
12 15 250
12 16 84
12 17 171
12 18 185
12 19 99
12 20 101
12 21 206
12 22 250
12 23 116
12 24 174
12 25 111
12 26 160
12 27 94
12 28 238
12 29 122
12 30 111
12 31 56
12 32 223
12 33 82
12 34 68
12 35 238
12 36 145
12 37 228
12 38 181
12 39 119
12 40 154
12 41 164
12 42 199
12 43 222
12 44 87
12 45 239
12 46 123
12 47 87
12 48 101
12 49 60
12 50 132
12 51 188
12 52 192
12 53 72
12 54 244
12 55 149
12 56 223
12 57 69
12 58 232
12 59 216
12 60 146
12 61 139
12 62 193
12 63 134
12 64 218
12 65 250
12 66 78
12 67 230
12 68 210
12 69 82
12 70 205
12 71 187
12 72 207
12 73 126
12 74 151
12 75 131
12 76 157
12 77 241
12 78 88
12 79 81
12 80 143
12 81 164
12 82 229
12 83 100
12 84 196
12 85 58
12 86 246
12 87 98
12 88 189
12 89 176
12 90 249
12 91 224
12 92 221
12 93 147
12 94 225
12 95 134
12 96 149
12 97 59
12 98 55
12 99 152
13 1 234
13 2 234
13 3 116
13 4 180
13 5 50
13 6 115
13 7 104
13 8 137
13 9 137
13 10 132
13 11 223
13 12 103
13 14 231
13 15 146
13 16 144
13 17 81
13 18 53
13 19 127
13 20 115
13 21 185
13 22 217
13 23 141
13 24 78
13 25 180
13 26 166
13 27 180
13 28 193
13 29 105
13 30 201
13 31 158
13 32 67
13 33 247
13 34 145
13 35 113
13 36 173
13 37 185
13 38 180
13 39 162
13 40 94
13 41 100
13 42 110
13 43 204
13 44 236
13 45 61
13 46 213
13 47 97
13 48 152
13 49 58
13 50 170
13 51 246
13 52 171
13 53 181
13 54 59
13 55 78
13 56 155
13 57 55
13 58 110
13 59 247
13 60 231
13 61 168
13 62 221
13 63 181
13 64 54
13 65 196
13 66 93
13 67 244
13 68 145
13 69 159
13 70 206
13 71 219
13 72 65
13 73 235
13 74 155
13 75 235
13 76 102
13 77 249
13 78 144
13 79 160
13 80 244
13 81 207
13 82 244
13 83 189
13 84 78
13 85 92
13 86 173
13 87 58
13 88 157
13 89 150
13 90 101
13 91 66
13 92 108
13 93 241
13 94 61
13 95 148
13 96 217
13 97 221
13 98 232
13 99 158
14 1 130
14 2 85
14 3 248
14 4 218
14 5 153
14 6 123
14 7 67
14 8 178
14 9 133
14 10 63
14 11 67
14 12 127
14 13 231
14 15 199
14 16 110
14 17 227
14 18 248
14 19 138
14 20 55
14 21 152
14 22 152
14 23 233
14 24 231
14 25 60
14 26 50
14 27 52
14 28 223
14 29 92
14 30 146
14 31 235
14 32 138
14 33 123
14 34 89
14 35 160
14 36 52
14 37 109
14 38 233
14 39 61
14 40 229
14 41 126
14 42 171
14 43 57
14 44 137
14 45 74
14 46 66
14 47 164
14 48 223
14 49 98
14 50 249
14 51 212
14 52 224
14 53 198
14 54 188
14 55 180
14 56 115
14 57 194
14 58 96
14 59 182
14 60 195
14 61 50
14 62 128
14 63 131
14 64 226
14 65 127
14 66 163
14 67 136
14 68 180
14 69 228
14 70 59
14 71 117
14 72 148
14 73 66
14 74 137
14 75 105
14 76 199
14 77 61
14 78 222
14 79 231
14 80 238
14 81 138
14 82 167
14 83 52
14 84 103
14 85 175
14 86 123
14 87 85
14 88 231
14 89 91
14 90 93
14 91 78
14 92 199
14 93 145
14 94 166
14 95 193
14 96 162
14 97 208
14 98 120
14 99 199
15 1 117
15 2 102
15 3 188
15 4 228
15 5 228
15 6 90
15 7 126
15 8 218
15 9 169
15 10 227
15 11 77
15 12 250
15 13 146
15 14 199
15 16 232
15 17 213
15 18 163
15 19 244
15 20 250
15 21 127
15 22 233
15 23 243
15 24 210
15 25 69
15 26 68
15 27 69
15 28 89
15 29 199
15 30 224
15 31 165
15 32 98
15 33 219
15 34 209
15 35 78
15 36 127
15 37 125
15 38 242
15 39 62
15 40 55
15 41 156
15 42 250
15 43 216
15 44 197
15 45 194
15 46 210
15 47 100
15 48 99
15 49 90
15 50 207
15 51 219
15 52 139
15 53 230
15 54 59
15 55 138
15 56 112
15 57 158
15 58 149
15 59 147
15 60 118
15 61 102
15 62 189
15 63 181
15 64 115
15 65 230
15 66 217
15 67 59
15 68 146
15 69 125
15 70 120
15 71 230
15 72 84
15 73 109
15 74 65
15 75 85
15 76 236
15 77 242
15 78 128
15 79 165
15 80 105
15 81 221
15 82 184
15 83 124
15 84 110
15 85 149
15 86 53
15 87 74
15 88 189
15 89 228
15 90 71
15 91 202
15 92 126
15 93 111
15 94 65
15 95 86
15 96 56
15 97 197
15 98 140
15 99 172
16 1 50
16 2 132
16 3 118
16 4 67
16 5 50
16 6 53
16 7 213
16 8 208
16 9 87
16 10 132
16 11 250
16 12 84
16 13 144
16 14 110
16 15 232
16 17 154
16 18 243
16 19 232
16 20 54
16 21 233
16 22 144
16 23 86
16 24 99
16 25 125
16 26 212
16 27 59
16 28 78
16 29 241
16 30 88
16 31 121
16 32 103
16 33 127
16 34 138
16 35 240
16 36 232
16 37 148
16 38 157
16 39 180
16 40 117
16 41 70
16 42 205
16 43 65
16 44 126
16 45 83
16 46 104
16 47 228
16 48 98
16 49 199
16 50 243
16 51 193
16 52 215
16 53 146
16 54 131
16 55 103
16 56 64
16 57 172
16 58 162
16 59 188
16 60 102
16 61 130
16 62 145
16 63 178
16 64 106
16 65 124
16 66 231
16 67 138
16 68 215
16 69 115
16 70 247
16 71 249
16 72 203
16 73 189
16 74 54
16 75 94
16 76 148
16 77 121
16 78 65
16 79 123
16 80 56
16 81 132
16 82 134
16 83 247
16 84 223
16 85 117
16 86 52
16 87 209
16 88 105
16 89 74
16 90 93
16 91 216
16 92 154
16 93 207
16 94 176
16 95 249
16 96 237
16 97 142
16 98 58
16 99 59
17 1 190
17 2 58
17 3 131
17 4 143
17 5 228
17 6 92
17 7 108
17 8 243
17 9 175
17 10 77
17 11 108
17 12 171
17 13 81
17 14 227
17 15 213
17 16 154
17 18 241
17 19 63
17 20 98
17 21 121
17 22 133
17 23 165
17 24 96
17 25 182
17 26 111
17 27 125
17 28 86
17 29 79
17 30 63
17 31 97
17 32 215
17 33 116
17 34 77
17 35 173
17 36 183
17 37 231
17 38 191
17 39 88
17 40 68
17 41 154
17 42 162
17 43 103
17 44 68
17 45 172
17 46 193
17 47 91
17 48 186
17 49 104
17 50 164
17 51 246
17 52 54
17 53 78
17 54 221
17 55 234
17 56 148
17 57 64
17 58 152
17 59 237
17 60 194
17 61 75
17 62 99
17 63 245
17 64 165
17 65 181
17 66 119
17 67 139
17 68 141
17 69 202
17 70 70
17 71 157
17 72 79
17 73 66
17 74 232
17 75 106
17 76 114
17 77 198
17 78 60
17 79 200
17 80 158
17 81 191
17 82 212
17 83 216
17 84 115
17 85 142
17 86 170
17 87 64
17 88 85
17 89 171
17 90 250
17 91 57
17 92 159
17 93 121
17 94 141
17 95 249
17 96 103
17 97 143
17 98 104
17 99 198
18 1 99
18 2 94
18 3 149
18 4 77
18 5 228
18 6 133
18 7 194
18 8 107
18 9 215
18 10 88
18 11 180
18 12 185
18 13 53
18 14 248
18 15 163
18 16 243
18 17 241
18 19 186
18 20 96
18 21 238
18 22 83
18 23 135
18 24 240
18 25 135
18 26 79
18 27 101
18 28 97
18 29 143
18 30 90
18 31 130
18 32 199
18 33 112
18 34 106
18 35 118
18 36 219
18 37 210
18 38 145
18 39 250
18 40 55
18 41 205
18 42 163
18 43 127
18 44 208
18 45 195
18 46 216
18 47 137
18 48 168
18 49 238
18 50 217
18 51 129
18 52 195
18 53 98
18 54 201
18 55 156
18 56 249
18 57 68
18 58 196
18 59 196
18 60 90
18 61 156
18 62 138
18 63 90
18 64 134
18 65 132
18 66 193
18 67 148
18 68 122
18 69 96
18 70 233
18 71 228
18 72 236
18 73 227
18 74 181
18 75 245
18 76 90
18 77 103
18 78 135
18 79 78
18 80 72
18 81 76
18 82 74
18 83 102
18 84 65
18 85 160
18 86 245
18 87 133
18 88 58
18 89 132
18 90 142
18 91 213
18 92 115
18 93 93
18 94 154
18 95 75
18 96 216
18 97 203
18 98 165
18 99 106
19 1 141
19 2 148
19 3 230
19 4 229
19 5 231
19 6 184
19 7 168
19 8 206
19 9 100
19 10 237
19 11 56
19 12 99
19 13 127
19 14 138
19 15 244
19 16 232
19 17 63
19 18 186
19 20 187
19 21 106
19 22 68
19 23 57
19 24 177
19 25 63
19 26 53
19 27 93
19 28 175
19 29 190
19 30 221
19 31 205
19 32 119
19 33 81
19 34 212
19 35 185
19 36 172
19 37 136
19 38 124
19 39 92
19 40 166
19 41 218
19 42 133
19 43 226
19 44 163
19 45 170
19 46 114
19 47 86
19 48 76
19 49 107
19 50 177
19 51 65
19 52 66
19 53 148
19 54 200
19 55 95
19 56 86
19 57 204
19 58 177
19 59 67
19 60 82
19 61 189
19 62 203
19 63 87
19 64 75
19 65 249
19 66 69
19 67 183
19 68 100
19 69 221
19 70 194
19 71 125
19 72 76
19 73 237
19 74 193
19 75 67
19 76 105
19 77 134
19 78 197
19 79 180
19 80 237
19 81 108
19 82 66
19 83 223
19 84 210
19 85 160
19 86 164
19 87 179
19 88 192
19 89 128
19 90 222
19 91 67
19 92 123
19 93 64
19 94 52
19 95 156
19 96 173
19 97 239
19 98 109
19 99 129
20 1 125
20 2 63
20 3 85
20 4 89
20 5 217
20 6 194
20 7 74
20 8 63
20 9 115
20 10 202
20 11 90
20 12 101
20 13 115
20 14 55
20 15 250
20 16 54
20 17 98
20 18 96
20 19 187
20 21 171
20 22 215
20 23 226
20 24 230
20 25 225
20 26 85
20 27 50
20 28 67
20 29 187
20 30 152
20 31 120
20 32 221
20 33 52
20 34 238
20 35 148
20 36 249
20 37 236
20 38 226
20 39 194
20 40 91
20 41 93
20 42 118
20 43 220
20 44 75
20 45 89
20 46 98
20 47 214
20 48 91
20 49 227
20 50 132
20 51 120
20 52 178
20 53 151
20 54 240
20 55 222
20 56 210
20 57 176
20 58 217
20 59 153
20 60 180
20 61 215
20 62 212
20 63 101
20 64 161
20 65 74
20 66 120
20 67 73
20 68 87
20 69 78
20 70 232
20 71 115
20 72 112
20 73 193
20 74 218
20 75 243
20 76 103
20 77 161
20 78 135
20 79 57
20 80 52
20 81 213
20 82 131
20 83 52
20 84 112
20 85 117
20 86 92
20 87 241
20 88 191
20 89 178
20 90 95
20 91 137
20 92 50
20 93 103
20 94 155
20 95 147
20 96 124
20 97 184
20 98 166
20 99 168
21 1 241
21 2 105
21 3 228
21 4 108
21 5 98
21 6 178
21 7 149
21 8 182
21 9 238
21 10 198
21 11 169
21 12 206
21 13 185
21 14 152
21 15 127
21 16 233
21 17 121
21 18 238
21 19 106
21 20 171
21 22 188
21 23 233
21 24 239
21 25 184
21 26 89
21 27 246
21 28 111
21 29 94
21 30 127
21 31 140
21 32 191
21 33 107
21 34 69
21 35 250
21 36 244
21 37 249
21 38 164
21 39 62
21 40 241
21 41 110
21 42 139
21 43 87
21 44 200
21 45 225
21 46 175
21 47 74
21 48 228
21 49 178
21 50 174
21 51 190
21 52 96
21 53 180
21 54 149
21 55 120
21 56 197
21 57 53
21 58 182
21 59 147
21 60 193
21 61 247
21 62 78
21 63 185
21 64 212
21 65 177
21 66 89
21 67 191
21 68 162
21 69 140
21 70 187
21 71 204
21 72 216
21 73 152
21 74 50
21 75 92
21 76 173
21 77 75
21 78 91
21 79 215
21 80 98
21 81 78
21 82 227
21 83 160
21 84 185
21 85 65
21 86 93
21 87 205
21 88 224
21 89 187
21 90 130
21 91 230
21 92 109
21 93 184
21 94 140
21 95 71
21 96 104
21 97 179
21 98 74
21 99 122
22 1 110
22 2 175
22 3 72
22 4 190
22 5 72
22 6 79
22 7 148
22 8 152
22 9 158
22 10 215
22 11 219
22 12 250
22 13 217
22 14 152
22 15 233
22 16 144
22 17 133
22 18 83
22 19 68
22 20 215
22 21 188
22 23 167
22 24 195
22 25 184
22 26 190
22 27 178
22 28 238
22 29 143
22 30 75
22 31 109
22 32 165
22 33 169
22 34 225
22 35 212
22 36 181
22 37 55
22 38 56
22 39 182
22 40 178
22 41 248
22 42 233
22 43 123
22 44 249
22 45 198
22 46 105
22 47 244
22 48 92
22 49 243
22 50 70
22 51 117
22 52 155
22 53 160
22 54 66
22 55 186
22 56 86
22 57 106
22 58 146
22 59 199
22 60 119
22 61 66
22 62 210
22 63 191
22 64 159
22 65 126
22 66 242
22 67 144
22 68 83
22 69 94
22 70 51
22 71 157
22 72 243
22 73 163
22 74 112
22 75 222
22 76 187
22 77 233
22 78 214
22 79 221
22 80 165
22 81 105
22 82 240
22 83 234
22 84 217
22 85 211
22 86 249
22 87 122
22 88 106
22 89 242
22 90 83
22 91 159
22 92 181
22 93 169
22 94 146
22 95 115
22 96 77
22 97 103
22 98 248
22 99 103
23 1 208
23 2 85
23 3 233
23 4 227
23 5 60
23 6 73
23 7 130
23 8 135
23 9 220
23 10 133
23 11 86
23 12 116
23 13 141
23 14 233
23 15 243
23 16 86
23 17 165
23 18 135
23 19 57
23 20 226
23 21 233
23 22 167
23 24 236
23 25 70
23 26 54
23 27 178
23 28 91
23 29 138
23 30 79
23 31 197
23 32 204
23 33 66
23 34 65
23 35 150
23 36 142
23 37 140
23 38 129
23 39 176
23 40 211
23 41 239
23 42 110
23 43 188
23 44 249
23 45 130
23 46 87
23 47 56
23 48 219
23 49 174
23 50 139
23 51 169
23 52 150
23 53 104
23 54 245
23 55 131
23 56 77
23 57 94
23 58 222
23 59 97
23 60 181
23 61 124
23 62 200
23 63 217
23 64 59
23 65 166
23 66 147
23 67 96
23 68 170
23 69 202
23 70 62
23 71 219
23 72 101
23 73 120
23 74 92
23 75 157
23 76 144
23 77 69
23 78 126
23 79 241
23 80 143
23 81 229
23 82 59
23 83 194
23 84 208
23 85 149
23 86 174
23 87 145
23 88 180
23 89 80
23 90 116
23 91 235
23 92 71
23 93 190
23 94 100
23 95 225
23 96 220
23 97 177
23 98 109
23 99 189
24 1 239
24 2 216
24 3 162
24 4 215
24 5 121
24 6 131
24 7 101
24 8 159
24 9 150
24 10 130
24 11 123
24 12 174
24 13 78
24 14 231
24 15 210
24 16 99
24 17 96
24 18 240
24 19 177
24 20 230
24 21 239
24 22 195
24 23 236
24 25 51
24 26 138
24 27 171
24 28 110
24 29 68
24 30 223
24 31 66
24 32 175
24 33 60
24 34 244
24 35 130
24 36 151
24 37 99
24 38 144
24 39 199
24 40 97
24 41 170
24 42 97
24 43 203
24 44 82
24 45 248
24 46 215
24 47 110
24 48 65
24 49 229
24 50 173
24 51 243
24 52 88
24 53 125
24 54 82
24 55 177
24 56 249
24 57 206
24 58 92
24 59 163
24 60 204
24 61 224
24 62 182
24 63 173
24 64 190
24 65 101
24 66 98
24 67 144
24 68 83
24 69 79
24 70 218
24 71 157
24 72 56
24 73 61
24 74 124
24 75 95
24 76 89
24 77 121
24 78 117
24 79 85
24 80 101
24 81 55
24 82 182
24 83 227
24 84 238
24 85 170
24 86 137
24 87 191
24 88 167
24 89 226
24 90 166
24 91 86
24 92 250
24 93 101
24 94 188
24 95 177
24 96 182
24 97 180
24 98 85
24 99 62
25 1 65
25 2 190
25 3 220
25 4 108
25 5 131
25 6 209
25 7 196
25 8 206
25 9 121
25 10 95
25 11 182
25 12 111
25 13 180
25 14 60
25 15 69
25 16 125
25 17 182
25 18 135
25 19 63
25 20 225
25 21 184
25 22 184
25 23 70
25 24 51
25 26 209
25 27 240
25 28 99
25 29 228
25 30 217
25 31 137
25 32 123
25 33 162
25 34 161
25 35 138
25 36 144
25 37 71
25 38 229
25 39 233
25 40 239
25 41 90
25 42 224
25 43 245
25 44 71
25 45 117
25 46 189
25 47 92
25 48 117
25 49 83
25 50 247
25 51 206
25 52 174
25 53 168
25 54 173
25 55 182
25 56 50
25 57 120
25 58 120
25 59 204
25 60 135
25 61 156
25 62 233
25 63 175
25 64 114
25 65 87
25 66 119
25 67 200
25 68 229
25 69 191
25 70 140
25 71 189
25 72 122
25 73 224
25 74 163
25 75 85
25 76 128
25 77 195
25 78 159
25 79 236
25 80 227
25 81 236
25 82 153
25 83 142
25 84 208
25 85 176
25 86 234
25 87 104
25 88 197
25 89 170
25 90 189
25 91 133
25 92 203
25 93 156
25 94 158
25 95 178
25 96 122
25 97 88
25 98 250
25 99 244
26 1 76
26 2 234
26 3 173
26 4 226
26 5 134
26 6 132
26 7 228
26 8 134
26 9 228
26 10 53
26 11 212
26 12 160
26 13 166
26 14 50
26 15 68
26 16 212
26 17 111
26 18 79
26 19 53
26 20 85
26 21 89
26 22 190
26 23 54
26 24 138
26 25 209
26 27 174
26 28 183
26 29 226
26 30 243
26 31 203
26 32 243
26 33 150
26 34 94
26 35 161
26 36 192
26 37 69
26 38 106
26 39 204
26 40 102
26 41 54
26 42 94
26 43 245
26 44 239
26 45 115
26 46 192
26 47 188
26 48 226
26 49 236
26 50 236
26 51 178
26 52 248
26 53 221
26 54 204
26 55 64
26 56 250
26 57 75
26 58 69
26 59 77
26 60 85
26 61 52
26 62 105
26 63 226
26 64 177
26 65 209
26 66 158
26 67 222
26 68 107
26 69 212
26 70 242
26 71 206
26 72 51
26 73 195
26 74 149
26 75 230
26 76 185
26 77 81
26 78 140
26 79 125
26 80 185
26 81 122
26 82 177
26 83 95
26 84 194
26 85 204
26 86 143
26 87 108
26 88 88
26 89 137
26 90 174
26 91 205
26 92 156
26 93 105
26 94 224
26 95 136
26 96 215
26 97 67
26 98 143
26 99 150
27 1 70
27 2 226
27 3 242
27 4 122
27 5 54
27 6 50
27 7 101
27 8 151
27 9 232
27 10 212
27 11 81
27 12 94
27 13 180
27 14 52
27 15 69
27 16 59
27 17 125
27 18 101
27 19 93
27 20 50
27 21 246
27 22 178
27 23 178
27 24 171
27 25 240
27 26 174
27 28 130
27 29 145
27 30 141
27 31 195
27 32 75
27 33 168
27 34 208
27 35 206
27 36 111
27 37 117
27 38 97
27 39 222
27 40 114
27 41 156
27 42 84
27 43 236
27 44 67
27 45 155
27 46 76
27 47 182
27 48 204
27 49 158
27 50 140
27 51 204
27 52 190
27 53 219
27 54 123
27 55 54
27 56 57
27 57 109
27 58 195
27 59 111
27 60 193
27 61 108
27 62 138
27 63 59
27 64 59
27 65 61
27 66 92
27 67 75
27 68 82
27 69 87
27 70 140
27 71 91
27 72 69
27 73 60
27 74 119
27 75 57
27 76 219
27 77 54
27 78 239
27 79 171
27 80 193
27 81 220
27 82 77
27 83 215
27 84 175
27 85 216
27 86 238
27 87 143
27 88 186
27 89 155
27 90 199
27 91 85
27 92 81
27 93 198
27 94 232
27 95 230
27 96 129
27 97 69
27 98 50
27 99 225
28 1 62
28 2 147
28 3 222
28 4 78
28 5 213
28 6 55
28 7 112
28 8 165
28 9 85
28 10 176
28 11 158
28 12 238
28 13 193
28 14 223
28 15 89
28 16 78
28 17 86
28 18 97
28 19 175
28 20 67
28 21 111
28 22 238
28 23 91
28 24 110
28 25 99
28 26 183
28 27 130
28 29 71
28 30 220
28 31 189
28 32 241
28 33 226
28 34 60
28 35 171
28 36 208
28 37 217
28 38 120
28 39 152
28 40 149
28 41 211
28 42 226
28 43 80
28 44 109
28 45 156
28 46 245
28 47 153
28 48 122
28 49 240
28 50 79
28 51 154
28 52 199
28 53 190
28 54 97
28 55 58
28 56 99
28 57 52
28 58 58
28 59 145
28 60 240
28 61 126
28 62 136
28 63 204
28 64 123
28 65 247
28 66 86
28 67 130
28 68 177
28 69 93
28 70 157
28 71 223
28 72 102
28 73 98
28 74 114
28 75 123
28 76 146
28 77 129
28 78 115
28 79 126
28 80 124
28 81 249
28 82 138
28 83 211
28 84 63
28 85 238
28 86 215
28 87 236
28 88 145
28 89 171
28 90 97
28 91 142
28 92 191
28 93 172
28 94 114
28 95 115
28 96 198
28 97 55
28 98 143
28 99 183
29 1 61
29 2 105
29 3 108
29 4 231
29 5 159
29 6 172
29 7 131
29 8 240
29 9 172
29 10 247
29 11 141
29 12 122
29 13 105
29 14 92
29 15 199
29 16 241
29 17 79
29 18 143
29 19 190
29 20 187
29 21 94
29 22 143
29 23 138
29 24 68
29 25 228
29 26 226
29 27 145
29 28 71
29 30 129
29 31 212
29 32 249
29 33 101
29 34 248
29 35 196
29 36 69
29 37 134
29 38 240
29 39 241
29 40 234
29 41 71
29 42 55
29 43 86
29 44 93
29 45 220
29 46 203
29 47 68
29 48 179
29 49 237
29 50 152
29 51 133
29 52 89
29 53 142
29 54 161
29 55 243
29 56 95
29 57 86
29 58 199
29 59 153
29 60 189
29 61 128
29 62 81
29 63 236
29 64 50
29 65 159
29 66 227
29 67 127
29 68 180
29 69 201
29 70 201
29 71 74
29 72 243
29 73 219
29 74 92
29 75 172
29 76 105
29 77 189
29 78 141
29 79 73
29 80 138
29 81 135
29 82 86
29 83 213
29 84 74
29 85 152
29 86 138
29 87 51
29 88 167
29 89 219
29 90 110
29 91 234
29 92 95
29 93 178
29 94 106
29 95 178
29 96 164
29 97 136
29 98 154
29 99 131
30 1 215
30 2 62
30 3 175
30 4 106
30 5 140
30 6 167
30 7 108
30 8 83
30 9 106
30 10 212
30 11 157
30 12 111
30 13 201
30 14 146
30 15 224
30 16 88
30 17 63
30 18 90
30 19 221
30 20 152
30 21 127
30 22 75
30 23 79
30 24 223
30 25 217
30 26 243
30 27 141
30 28 220
30 29 129
30 31 92
30 32 202
30 33 91
30 34 189
30 35 54
30 36 149
30 37 79
30 38 194
30 39 158
30 40 59
30 41 123
30 42 95
30 43 65
30 44 239
30 45 225
30 46 170
30 47 133
30 48 100
30 49 203
30 50 131
30 51 249
30 52 74
30 53 52
30 54 97
30 55 99
30 56 169
30 57 184
30 58 147
30 59 72
30 60 139
30 61 93
30 62 144
30 63 163
30 64 79
30 65 149
30 66 247
30 67 95
30 68 92
30 69 216
30 70 131
30 71 159
30 72 237
30 73 154
30 74 146
30 75 125
30 76 88
30 77 130
30 78 156
30 79 101
30 80 151
30 81 82
30 82 172
30 83 202
30 84 100
30 85 122
30 86 66
30 87 98
30 88 60
30 89 172
30 90 171
30 91 97
30 92 171
30 93 84
30 94 243
30 95 105
30 96 179
30 97 126
30 98 237
30 99 85
31 1 109
31 2 201
31 3 57
31 4 102
31 5 57
31 6 63
31 7 114
31 8 179
31 9 201
31 10 87
31 11 190
31 12 56
31 13 158
31 14 235
31 15 165
31 16 121
31 17 97
31 18 130
31 19 205
31 20 120
31 21 140
31 22 109
31 23 197
31 24 66
31 25 137
31 26 203
31 27 195
31 28 189
31 29 212
31 30 92
31 32 101
31 33 200
31 34 199
31 35 119
31 36 135
31 37 218
31 38 169
31 39 239
31 40 150
31 41 185
31 42 211
31 43 247
31 44 201
31 45 146
31 46 225
31 47 186
31 48 120
31 49 144
31 50 239
31 51 238
31 52 247
31 53 186
31 54 69
31 55 176
31 56 60
31 57 90
31 58 88
31 59 241
31 60 183
31 61 100
31 62 143
31 63 182
31 64 149
31 65 56
31 66 244
31 67 61
31 68 91
31 69 108
31 70 206
31 71 65
31 72 112
31 73 120
31 74 91
31 75 54
31 76 178
31 77 120
31 78 208
31 79 250
31 80 127
31 81 179
31 82 146
31 83 229
31 84 157
31 85 192
31 86 155
31 87 157
31 88 174
31 89 111
31 90 173
31 91 132
31 92 63
31 93 98
31 94 164
31 95 213
31 96 92
31 97 215
31 98 103
31 99 211
32 1 138
32 2 73
32 3 58
32 4 131
32 5 55
32 6 101
32 7 64
32 8 186
32 9 192
32 10 197
32 11 224
32 12 223
32 13 67
32 14 138
32 15 98
32 16 103
32 17 215
32 18 199
32 19 119
32 20 221
32 21 191
32 22 165
32 23 204
32 24 175
32 25 123
32 26 243
32 27 75
32 28 241
32 29 249
32 30 202
32 31 101
32 33 74
32 34 100
32 35 60
32 36 81
32 37 134
32 38 53
32 39 61
32 40 172
32 41 81
32 42 244
32 43 69
32 44 160
32 45 191
32 46 241
32 47 165
32 48 126
32 49 62
32 50 154
32 51 84
32 52 161
32 53 222
32 54 109
32 55 121
32 56 87
32 57 125
32 58 237
32 59 163
32 60 70
32 61 108
32 62 135
32 63 176
32 64 152
32 65 180
32 66 174
32 67 70
32 68 171
32 69 157
32 70 218
32 71 152
32 72 110
32 73 62
32 74 141
32 75 209
32 76 62
32 77 68
32 78 66
32 79 114
32 80 175
32 81 74
32 82 200
32 83 87
32 84 169
32 85 151
32 86 193
32 87 50
32 88 80
32 89 70
32 90 191
32 91 179
32 92 246
32 93 56
32 94 123
32 95 205
32 96 80
32 97 110
32 98 136
32 99 69
33 1 235
33 2 91
33 3 238
33 4 209
33 5 64
33 6 114
33 7 88
33 8 58
33 9 184
33 10 55
33 11 208
33 12 82
33 13 247
33 14 123
33 15 219
33 16 127
33 17 116
33 18 112
33 19 81
33 20 52
33 21 107
33 22 169
33 23 66
33 24 60
33 25 162
33 26 150
33 27 168
33 28 226
33 29 101
33 30 91
33 31 200
33 32 74
33 34 68
33 35 196
33 36 56
33 37 179
33 38 210
33 39 198
33 40 241
33 41 108
33 42 98
33 43 131
33 44 56
33 45 54
33 46 116
33 47 50
33 48 144
33 49 91
33 50 219
33 51 231
33 52 231
33 53 179
33 54 150
33 55 104
33 56 211
33 57 64
33 58 118
33 59 55
33 60 100
33 61 208
33 62 219
33 63 241
33 64 94
33 65 114
33 66 116
33 67 210
33 68 208
33 69 143
33 70 65
33 71 63
33 72 102
33 73 65
33 74 131
33 75 87
33 76 208
33 77 92
33 78 220
33 79 246
33 80 127
33 81 178
33 82 229
33 83 78
33 84 208
33 85 87
33 86 69
33 87 110
33 88 176
33 89 193
33 90 193
33 91 84
33 92 157
33 93 192
33 94 71
33 95 128
33 96 217
33 97 95
33 98 67
33 99 56
34 1 224
34 2 180
34 3 233
34 4 131
34 5 86
34 6 230
34 7 231
34 8 200
34 9 206
34 10 76
34 11 201
34 12 68
34 13 145
34 14 89
34 15 209
34 16 138
34 17 77
34 18 106
34 19 212
34 20 238
34 21 69
34 22 225
34 23 65
34 24 244
34 25 161
34 26 94
34 27 208
34 28 60
34 29 248
34 30 189
34 31 199
34 32 100
34 33 68
34 35 148
34 36 227
34 37 204
34 38 190
34 39 50
34 40 90
34 41 190
34 42 184
34 43 117
34 44 124
34 45 68
34 46 116
34 47 153
34 48 239
34 49 237
34 50 172
34 51 170
34 52 93
34 53 85
34 54 116
34 55 200
34 56 78
34 57 145
34 58 207
34 59 215
34 60 103
34 61 197
34 62 249
34 63 162
34 64 118
34 65 104
34 66 54
34 67 180
34 68 175
34 69 134
34 70 223
34 71 163
34 72 148
34 73 124
34 74 194
34 75 131
34 76 129
34 77 77
34 78 63
34 79 159
34 80 102
34 81 208
34 82 156
34 83 160
34 84 70
34 85 181
34 86 83
34 87 70
34 88 125
34 89 201
34 90 163
34 91 222
34 92 156
34 93 70
34 94 131
34 95 132
34 96 216
34 97 55
34 98 250
34 99 133
35 1 176
35 2 209
35 3 212
35 4 223
35 5 161
35 6 180
35 7 65
35 8 106
35 9 172
35 10 239
35 11 225
35 12 238
35 13 113
35 14 160
35 15 78
35 16 240
35 17 173
35 18 118
35 19 185
35 20 148
35 21 250
35 22 212
35 23 150
35 24 130
35 25 138
35 26 161
35 27 206
35 28 171
35 29 196
35 30 54
35 31 119
35 32 60
35 33 196
35 34 148
35 36 134
35 37 139
35 38 66
35 39 54
35 40 126
35 41 220
35 42 232
35 43 220
35 44 213
35 45 156
35 46 92
35 47 70
35 48 72
35 49 64
35 50 137
35 51 185
35 52 176
35 53 60
35 54 179
35 55 134
35 56 90
35 57 235
35 58 188
35 59 50
35 60 107
35 61 112
35 62 64
35 63 51
35 64 180
35 65 131
35 66 86
35 67 107
35 68 158
35 69 98
35 70 128
35 71 185
35 72 192
35 73 183
35 74 163
35 75 239
35 76 50
35 77 157
35 78 204
35 79 145
35 80 230
35 81 133
35 82 67
35 83 138
35 84 232
35 85 109
35 86 232
35 87 222
35 88 163
35 89 52
35 90 140
35 91 246
35 92 209
35 93 160
35 94 61
35 95 166
35 96 130
35 97 197
35 98 223
35 99 117
36 1 193
36 2 123
36 3 227
36 4 67
36 5 132
36 6 100
36 7 217
36 8 101
36 9 216
36 10 84
36 11 237
36 12 145
36 13 173
36 14 52
36 15 127
36 16 232
36 17 183
36 18 219
36 19 172
36 20 249
36 21 244
36 22 181
36 23 142
36 24 151
36 25 144
36 26 192
36 27 111
36 28 208
36 29 69
36 30 149
36 31 135
36 32 81
36 33 56
36 34 227
36 35 134
36 37 182
36 38 98
36 39 199
36 40 51
36 41 70
36 42 127
36 43 237
36 44 68
36 45 116
36 46 124
36 47 51
36 48 100
36 49 145
36 50 152
36 51 122
36 52 193
36 53 59
36 54 166
36 55 64
36 56 223
36 57 180
36 58 189
36 59 120
36 60 101
36 61 248
36 62 201
36 63 136
36 64 169
36 65 192
36 66 124
36 67 108
36 68 199
36 69 165
36 70 125
36 71 186
36 72 148
36 73 67
36 74 86
36 75 64
36 76 98
36 77 230
36 78 173
36 79 230
36 80 228
36 81 162
36 82 220
36 83 209
36 84 199
36 85 119
36 86 134
36 87 157
36 88 141
36 89 133
36 90 137
36 91 240
36 92 203
36 93 118
36 94 148
36 95 140
36 96 148
36 97 69
36 98 130
36 99 153
37 1 250
37 2 55
37 3 158
37 4 124
37 5 115
37 6 219
37 7 159
37 8 112
37 9 133
37 10 240
37 11 75
37 12 228
37 13 185
37 14 109
37 15 125
37 16 148
37 17 231
37 18 210
37 19 136
37 20 236
37 21 249
37 22 55
37 23 140
37 24 99
37 25 71
37 26 69
37 27 117
37 28 217
37 29 134
37 30 79
37 31 218
37 32 134
37 33 179
37 34 204
37 35 139
37 36 182
37 38 204
37 39 143
37 40 140
37 41 127
37 42 78
37 43 110
37 44 174
37 45 113
37 46 121
37 47 181
37 48 166
37 49 184
37 50 194
37 51 84
37 52 134
37 53 131
37 54 160
37 55 105
37 56 92
37 57 148
37 58 55
37 59 129
37 60 149
37 61 227
37 62 249
37 63 192
37 64 234
37 65 67
37 66 160
37 67 76
37 68 138
37 69 166
37 70 109
37 71 205
37 72 195
37 73 112
37 74 68
37 75 189
37 76 173
37 77 106
37 78 143
37 79 68
37 80 178
37 81 245
37 82 228
37 83 88
37 84 176
37 85 72
37 86 203
37 87 239
37 88 51
37 89 250
37 90 210
37 91 139
37 92 69
37 93 246
37 94 233
37 95 53
37 96 142
37 97 213
37 98 173
37 99 109
38 1 156
38 2 105
38 3 183
38 4 239
38 5 98
38 6 91
38 7 231
38 8 107
38 9 61
38 10 210
38 11 198
38 12 181
38 13 180
38 14 233
38 15 242
38 16 157
38 17 191
38 18 145
38 19 124
38 20 226
38 21 164
38 22 56
38 23 129
38 24 144
38 25 229
38 26 106
38 27 97
38 28 120
38 29 240
38 30 194
38 31 169
38 32 53
38 33 210
38 34 190
38 35 66
38 36 98
38 37 204
38 39 178
38 40 175
38 41 66
38 42 230
38 43 178
38 44 183
38 45 191
38 46 61
38 47 119
38 48 90
38 49 241
38 50 222
38 51 54
38 52 138
38 53 194
38 54 233
38 55 243
38 56 195
38 57 89
38 58 225
38 59 113
38 60 118
38 61 58
38 62 239
38 63 79
38 64 92
38 65 204
38 66 187
38 67 57
38 68 101
38 69 185
38 70 84
38 71 163
38 72 167
38 73 163
38 74 51
38 75 143
38 76 137
38 77 138
38 78 205
38 79 121
38 80 141
38 81 132
38 82 188
38 83 106
38 84 220
38 85 147
38 86 50
38 87 213
38 88 200
38 89 214
38 90 151
38 91 218
38 92 229
38 93 92
38 94 56
38 95 83
38 96 202
38 97 139
38 98 242
38 99 153
39 1 96
39 2 204
39 3 188
39 4 207
39 5 86
39 6 230
39 7 232
39 8 156
39 9 173
39 10 91
39 11 246
39 12 119
39 13 162
39 14 61
39 15 62
39 16 180
39 17 88
39 18 250
39 19 92
39 20 194
39 21 62
39 22 182
39 23 176
39 24 199
39 25 233
39 26 204
39 27 222
39 28 152
39 29 241
39 30 158
39 31 239
39 32 61
39 33 198
39 34 50
39 35 54
39 36 199
39 37 143
39 38 178
39 40 67
39 41 224
39 42 56
39 43 205
39 44 221
39 45 228
39 46 120
39 47 130
39 48 218
39 49 206
39 50 188
39 51 216
39 52 155
39 53 112
39 54 94
39 55 98
39 56 76
39 57 138
39 58 139
39 59 222
39 60 205
39 61 186
39 62 208
39 63 144
39 64 202
39 65 117
39 66 102
39 67 207
39 68 92
39 69 199
39 70 86
39 71 147
39 72 210
39 73 203
39 74 212
39 75 97
39 76 247
39 77 190
39 78 201
39 79 111
39 80 209
39 81 76
39 82 239
39 83 207
39 84 228
39 85 228
39 86 186
39 87 228
39 88 69
39 89 82
39 90 73
39 91 166
39 92 92
39 93 166
39 94 240
39 95 156
39 96 197
39 97 165
39 98 250
39 99 231
40 1 219
40 2 129
40 3 90
40 4 245
40 5 104
40 6 92
40 7 115
40 8 202
40 9 226
40 10 121
40 11 218
40 12 154
40 13 94
40 14 229
40 15 55
40 16 117
40 17 68
40 18 55
40 19 166
40 20 91
40 21 241
40 22 178
40 23 211
40 24 97
40 25 239
40 26 102
40 27 114
40 28 149
40 29 234
40 30 59
40 31 150
40 32 172
40 33 241
40 34 90
40 35 126
40 36 51
40 37 140
40 38 175
40 39 67
40 41 64
40 42 237
40 43 142
40 44 147
40 45 250
40 46 221
40 47 239
40 48 199
40 49 176
40 50 148
40 51 127
40 52 231
40 53 153
40 54 107
40 55 177
40 56 159
40 57 151
40 58 233
40 59 231
40 60 247
40 61 183
40 62 187
40 63 122
40 64 60
40 65 107
40 66 221
40 67 71
40 68 97
40 69 146
40 70 109
40 71 55
40 72 187
40 73 183
40 74 147
40 75 111
40 76 216
40 77 53
40 78 168
40 79 170
40 80 229
40 81 157
40 82 74
40 83 73
40 84 168
40 85 182
40 86 85
40 87 150
40 88 54
40 89 66
40 90 132
40 91 53
40 92 65
40 93 108
40 94 248
40 95 147
40 96 237
40 97 139
40 98 89
40 99 78
41 1 184
41 2 187
41 3 182
41 4 171
41 5 101
41 6 108
41 7 60
41 8 86
41 9 161
41 10 223
41 11 231
41 12 164
41 13 100
41 14 126
41 15 156
41 16 70
41 17 154
41 18 205
41 19 218
41 20 93
41 21 110
41 22 248
41 23 239
41 24 170
41 25 90
41 26 54
41 27 156
41 28 211
41 29 71
41 30 123
41 31 185
41 32 81
41 33 108
41 34 190
41 35 220
41 36 70
41 37 127
41 38 66
41 39 224
41 40 64
41 42 127
41 43 159
41 44 206
41 45 188
41 46 146
41 47 225
41 48 170
41 49 77
41 50 220
41 51 212
41 52 219
41 53 211
41 54 212
41 55 146
41 56 87
41 57 96
41 58 149
41 59 79
41 60 215
41 61 77
41 62 110
41 63 184
41 64 98
41 65 88
41 66 215
41 67 197
41 68 196
41 69 240
41 70 237
41 71 105
41 72 67
41 73 63
41 74 162
41 75 120
41 76 98
41 77 228
41 78 115
41 79 151
41 80 221
41 81 160
41 82 250
41 83 144
41 84 241
41 85 177
41 86 186
41 87 111
41 88 113
41 89 89
41 90 231
41 91 195
41 92 233
41 93 102
41 94 217
41 95 92
41 96 135
41 97 205
41 98 77
41 99 148
42 1 222
42 2 148
42 3 203
42 4 204
42 5 171
42 6 63
42 7 94
42 8 180
42 9 155
42 10 186
42 11 79
42 12 199
42 13 110
42 14 171
42 15 250
42 16 205
42 17 162
42 18 163
42 19 133
42 20 118
42 21 139
42 22 233
42 23 110
42 24 97
42 25 224
42 26 94
42 27 84
42 28 226
42 29 55
42 30 95
42 31 211
42 32 244
42 33 98
42 34 184
42 35 232
42 36 127
42 37 78
42 38 230
42 39 56
42 40 237
42 41 127
42 43 65
42 44 92
42 45 142
42 46 154
42 47 100
42 48 181
42 49 157
42 50 151
42 51 244
42 52 138
42 53 123
42 54 144
42 55 141
42 56 232
42 57 78
42 58 150
42 59 129
42 60 127
42 61 211
42 62 79
42 63 113
42 64 106
42 65 229
42 66 187
42 67 60
42 68 99
42 69 73
42 70 201
42 71 110
42 72 111
42 73 125
42 74 204
42 75 116
42 76 71
42 77 118
42 78 132
42 79 96
42 80 131
42 81 241
42 82 121
42 83 249
42 84 208
42 85 67
42 86 229
42 87 225
42 88 240
42 89 140
42 90 183
42 91 214
42 92 104
42 93 142
42 94 143
42 95 195
42 96 52
42 97 165
42 98 78
42 99 180
43 1 246
43 2 91
43 3 152
43 4 94
43 5 237
43 6 81
43 7 80
43 8 181
43 9 89
43 10 207
43 11 134
43 12 222
43 13 204
43 14 57
43 15 216
43 16 65
43 17 103
43 18 127
43 19 226
43 20 220
43 21 87
43 22 123
43 23 188
43 24 203
43 25 245
