s 1 473
s 2 285
s 3 499
s 4 344
s 5 336
s 6 405
s 7 338
s 8 331
s 9 420
s 10 485
s 11 319
s 12 498
s 13 404
s 14 385
s 15 494
s 16 344
s 17 496
s 18 288
s 19 256
s 20 440
s 21 405
s 22 264
s 23 311
s 24 376
s 25 272
s 26 332
s 27 263
s 28 307
s 29 263
s 30 329
s 31 380
s 32 438
s 33 450
s 34 350
s 35 482
s 36 303
s 37 403
s 38 427
s 39 335
s 40 435
s 41 459
s 42 266
s 43 381
s 44 409
s 45 332
s 46 409
s 47 454
s 48 278
s 49 479
1 2 388
1 3 494
1 4 311
1 5 438
1 6 429
1 7 275
1 8 359
1 9 277
1 10 385
1 11 342
1 12 428
1 13 316
1 14 273
1 15 483
1 16 404
1 17 307
1 18 436
1 19 344
1 20 488
1 21 260
1 22 295
1 23 362
1 24 289
1 25 347
1 26 462
1 27 453
1 28 445
1 29 428
1 30 264
1 31 464
1 32 471
1 33 455
1 34 457
1 35 408
1 36 380
1 37 462
1 38 316
1 39 449
1 40 469
1 41 462
1 42 445
1 43 301
1 44 262
1 45 466
1 46 369
1 47 476
1 48 398
1 49 408
2 1 388
2 3 447
2 4 317
2 5 252
2 6 476
2 7 460
2 8 414
2 9 303
2 10 476
2 11 284
2 12 275
2 13 390
2 14 277
2 15 353
2 16 453
2 17 302
2 18 478
2 19 298
2 20 298
2 21 385
2 22 340
2 23 304
2 24 451
2 25 388
2 26 250
2 27 421
2 28 375
2 29 276
2 30 427
2 31 295
2 32 423
2 33 440
2 34 250
2 35 498
2 36 329
2 37 257
2 38 322
2 39 298
2 40 342
2 41 454
2 42 299
2 43 297
2 44 362
2 45 340
2 46 345
2 47 459
2 48 381
2 49 446
3 1 494
3 2 447
3 4 381
3 5 477
3 6 257
3 7 339
3 8 362
3 9 269
3 10 303
3 11 292
3 12 259
3 13 257
3 14 329
3 15 347
3 16 379
3 17 425
3 18 481
3 19 343
3 20 262
3 21 461
3 22 292
3 23 399
3 24 383
3 25 456
3 26 352
3 27 442
3 28 409
3 29 283
3 30 302
3 31 500
3 32 355
3 33 349
3 34 308
3 35 430
3 36 469
3 37 348
3 38 269
3 39 272
3 40 440
3 41 426
3 42 371
3 43 310
3 44 402
3 45 473
3 46 324
3 47 253
3 48 485
3 49 286
4 1 311
4 2 317
4 3 381
4 5 286
4 6 352
4 7 494
4 8 458
4 9 386
4 10 308
4 11 404
4 12 476
4 13 462
4 14 341
4 15 412
4 16 355
4 17 417
4 18 321
4 19 381
4 20 366
4 21 348
4 22 350
4 23 341
4 24 434
4 25 350
4 26 380
4 27 319
4 28 267
4 29 262
4 30 447
4 31 494
4 32 360
4 33 436
4 34 443
4 35 290
4 36 386
4 37 482
4 38 434
4 39 495
4 40 361
4 41 356
4 42 397
4 43 279
4 44 484
4 45 450
4 46 452
4 47 447
4 48 391
4 49 333
5 1 438
5 2 252
5 3 477
5 4 286
5 6 346
5 7 355
5 8 307
5 9 369
5 10 491
5 11 308
5 12 382
5 13 460
5 14 364
5 15 251
5 16 293
5 17 455
5 18 265
5 19 448
5 20 445
5 21 376
5 22 264
5 23 459
5 24 409
5 25 258
5 26 448
5 27 402
5 28 253
5 29 400
5 30 288
5 31 472
5 32 312
5 33 462
5 34 337
5 35 375
5 36 410
5 37 278
5 38 257
5 39 333
5 40 428
5 41 261
5 42 466
5 43 448
5 44 385
5 45 262
5 46 416
5 47 422
5 48 401
5 49 364
6 1 429
6 2 476
6 3 257
6 4 352
6 5 346
6 7 425
6 8 423
6 9 280
6 10 303
6 11 370
6 12 312
6 13 363
6 14 419
6 15 290
6 16 325
6 17 456
6 18 366
6 19 406
6 20 250
6 21 366
6 22 413
6 23 314
6 24 410
6 25 268
6 26 343
6 27 433
6 28 370
6 29 416
6 30 274
6 31 412
6 32 258
6 33 333
6 34 334
6 35 500
6 36 290
6 37 390
6 38 453
6 39 345
6 40 419
6 41 330
6 42 341
6 43 269
6 44 273
6 45 470
6 46 456
6 47 386
6 48 322
6 49 262
7 1 275
7 2 460
7 3 339
7 4 494
7 5 355
7 6 425
7 8 279
7 9 463
7 10 319
7 11 347
7 12 492
7 13 445
7 14 320
7 15 410
7 16 355
7 17 299
7 18 401
7 19 488
7 20 340
7 21 426
7 22 388
7 23 417
7 24 373
7 25 316
7 26 313
7 27 295
7 28 488
7 29 470
7 30 257
7 31 367
7 32 368
7 33 417
7 34 377
7 35 496
7 36 457
7 37 252
7 38 309
7 39 302
7 40 456
7 41 356
7 42 491
7 43 353
7 44 391
7 45 286
7 46 430
7 47 455
7 48 405
7 49 482
8 1 359
8 2 414
8 3 362
8 4 458
8 5 307
8 6 423
8 7 279
8 9 479
8 10 274
8 11 357
8 12 325
8 13 331
8 14 325
8 15 462
8 16 339
8 17 439
8 18 356
8 19 316
8 20 353
8 21 351
8 22 259
8 23 384
8 24 400
8 25 353
8 26 329
8 27 473
8 28 389
8 29 482
8 30 359
8 31 427
8 32 263
8 33 258
8 34 349
8 35 327
8 36 398
8 37 383
8 38 269
8 39 418
8 40 493
8 41 473
8 42 261
8 43 263
8 44 402
8 45 393
8 46 280
8 47 259
8 48 372
8 49 499
9 1 277
9 2 303
9 3 269
9 4 386
9 5 369
9 6 280
9 7 463
9 8 479
9 10 426
9 11 418
9 12 286
9 13 454
9 14 425
9 15 349
9 16 412
9 17 288
9 18 439
9 19 265
9 20 429
9 21 364
9 22 455
9 23 323
9 24 279
9 25 357
9 26 439
9 27 429
9 28 289
9 29 392
9 30 314
9 31 437
9 32 309
9 33 286
9 34 391
9 35 387
9 36 480
9 37 436
9 38 368
9 39 338
9 40 418
9 41 491
9 42 456
9 43 432
9 44 420
9 45 460
9 46 270
9 47 467
9 48 440
9 49 358
10 1 385
10 2 476
10 3 303
10 4 308
10 5 491
10 6 303
10 7 319
10 8 274
10 9 426
10 11 268
10 12 467
10 13 252
10 14 382
10 15 311
10 16 272
10 17 441
10 18 402
10 19 373
10 20 259
10 21 257
10 22 437
10 23 414
10 24 461
10 25 281
10 26 424
10 27 290
10 28 282
10 29 482
10 30 383
10 31 301
10 32 429
10 33 499
10 34 380
10 35 424
10 36 250
10 37 374
10 38 257
10 39 258
10 40 251
10 41 300
10 42 381
10 43 445
10 44 297
10 45 415
10 46 347
10 47 461
10 48 496
10 49 353
11 1 342
11 2 284
11 3 292
11 4 404
11 5 308
11 6 370
11 7 347
11 8 357
11 9 418
11 10 268
11 12 331
11 13 440
11 14 419
11 15 280
11 16 269
11 17 478
11 18 298
11 19 366
11 20 269
11 21 466
11 22 379
11 23 494
11 24 449
11 25 311
11 26 371
11 27 303
11 28 301
11 29 273
11 30 409
11 31 285
11 32 425
11 33 444
11 34 480
11 35 470
11 36 331
11 37 299
11 38 311
11 39 349
11 40 301
11 41 424
11 42 351
11 43 391
11 44 372
11 45 272
11 46 340
11 47 430
11 48 366
11 49 483
12 1 428
12 2 275
12 3 259
12 4 476
12 5 382
12 6 312
12 7 492
12 8 325
12 9 286
12 10 467
12 11 331
12 13 414
12 14 333
12 15 448
12 16 379
12 17 272
12 18 452
12 19 259
12 20 347
12 21 301
12 22 406
12 23 396
12 24 361
12 25 297
12 26 270
12 27 488
12 28 331
12 29 486
12 30 368
12 31 473
12 32 323
12 33 479
12 34 322
12 35 280
12 36 401
12 37 342
12 38 318
12 39 478
12 40 473
12 41 396
12 42 474
12 43 477
12 44 381
12 45 302
12 46 335
12 47 353
12 48 294
12 49 498
13 1 316
13 2 390
13 3 257
13 4 462
13 5 460
13 6 363
13 7 445
13 8 331
13 9 454
13 10 252
13 11 440
13 12 414
13 14 374
13 15 316
13 16 452
13 17 471
13 18 429
13 19 301
13 20 282
13 21 407
13 22 265
13 23 468
13 24 334
13 25 346
13 26 445
13 27 334
13 28 447
13 29 332
13 30 481
13 31 402
13 32 355
13 33 428
13 34 409
13 35 312
13 36 278
13 37 358
13 38 290
13 39 467
13 40 403
13 41 401
13 42 408
13 43 308
13 44 267
13 45 443
13 46 382
13 47 279
13 48 398
13 49 301
14 1 273
14 2 277
14 3 329
14 4 341
14 5 364
14 6 419
14 7 320
14 8 325
14 9 425
14 10 382
14 11 419
14 12 333
14 13 374
14 15 281
14 16 467
14 17 339
14 18 343
14 19 348
14 20 476
14 21 411
14 22 280
14 23 281
14 24 365
14 25 369
14 26 391
14 27 461
14 28 471
14 29 288
14 30 436
14 31 438
14 32 316
14 33 429
14 34 450
14 35 436
14 36 423
14 37 421
14 38 354
14 39 263
14 40 402
14 41 399
14 42 323
14 43 360
14 44 357
14 45 250
14 46 264
14 47 408
14 48 366
14 49 447
15 1 483
15 2 353
15 3 347
15 4 412
15 5 251
15 6 290
15 7 410
15 8 462
15 9 349
15 10 311
15 11 280
15 12 448
15 13 316
15 14 281
15 16 318
15 17 376
15 18 356
15 19 448
15 20 436
15 21 495
15 22 500
15 23 396
15 24 420
15 25 341
15 26 452
15 27 284
15 28 283
15 29 417
15 30 442
15 31 497
15 32 442
15 33 492
15 34 433
15 35 440
15 36 432
15 37 259
15 38 455
15 39 477
15 40 343
15 41 333
15 42 384
15 43 424
15 44 364
15 45 428
15 46 416
15 47 494
15 48 265
15 49 284
16 1 404
16 2 453
16 3 379
16 4 355
16 5 293
16 6 325
16 7 355
16 8 339
16 9 412
16 10 272
16 11 269
16 12 379
16 13 452
16 14 467
16 15 318
16 17 251
16 18 439
16 19 396
16 20 285
16 21 457
16 22 405
16 23 310
16 24 272
16 25 398
16 26 316
16 27 280
16 28 256
16 29 301
16 30 431
16 31 430
16 32 404
16 33 321
16 34 409
16 35 433
16 36 306
16 37 337
16 38 460
16 39 423
16 40 397
16 41 265
16 42 488
16 43 334
16 44 272
16 45 480
16 46 258
16 47 388
16 48 456
16 49 267
17 1 307
17 2 302
17 3 425
17 4 417
17 5 455
17 6 456
17 7 299
17 8 439
17 9 288
17 10 441
17 11 478
17 12 272
17 13 471
17 14 339
17 15 376
17 16 251
17 18 398
17 19 448
17 20 342
17 21 327
17 22 495
17 23 440
17 24 404
17 25 269
17 26 252
17 27 442
17 28 437
17 29 276
17 30 317
17 31 500
17 32 418
17 33 413
17 34 291
17 35 497
17 36 481
17 37 499
17 38 326
17 39 429
17 40 395
17 41 278
17 42 356
17 43 364
17 44 410
17 45 445
17 46 357
17 47 448
17 48 381
17 49 457
18 1 436
18 2 478
18 3 481
18 4 321
18 5 265
18 6 366
18 7 401
18 8 356
18 9 439
18 10 402
18 11 298
18 12 452
18 13 429
18 14 343
18 15 356
18 16 439
18 17 398
18 19 335
18 20 378
18 21 335
18 22 399
18 23 316
18 24 347
18 25 420
18 26 419
18 27 427
18 28 450
18 29 338
18 30 486
18 31 398
18 32 273
18 33 473
18 34 348
18 35 441
18 36 445
18 37 283
18 38 341
18 39 416
18 40 400
18 41 405
18 42 251
18 43 261
18 44 345
18 45 380
18 46 393
18 47 492
18 48 489
18 49 255
19 1 344
19 2 298
19 3 343
19 4 381
19 5 448
19 6 406
19 7 488
19 8 316
19 9 265
19 10 373
19 11 366
19 12 259
19 13 301
19 14 348
19 15 448
19 16 396
19 17 448
19 18 335
19 20 258
19 21 279
19 22 411
19 23 265
19 24 328
19 25 364
19 26 492
19 27 485
19 28 366
19 29 372
19 30 490
19 31 412
19 32 467
19 33 323
19 34 346
19 35 473
19 36 279
19 37 304
19 38 355
19 39 368
19 40 484
19 41 495
19 42 409
19 43 487
19 44 485
19 45 375
19 46 351
19 47 289
19 48 464
19 49 279
20 1 488
20 2 298
20 3 262
20 4 366
20 5 445
20 6 250
20 7 340
20 8 353
20 9 429
20 10 259
20 11 269
20 12 347
20 13 282
20 14 476
20 15 436
20 16 285
20 17 342
20 18 378
20 19 258
20 21 491
20 22 316
20 23 316
20 24 469
20 25 490
20 26 332
20 27 365
20 28 304
20 29 273
20 30 316
20 31 311
20 32 466
20 33 294
20 34 495
20 35 341
20 36 468
20 37 292
20 38 253
20 39 361
20 40 316
20 41 296
20 42 448
20 43 380
20 44 495
20 45 420
20 46 404
20 47 465
20 48 408
20 49 252
21 1 260
21 2 385
21 3 461
21 4 348
21 5 376
21 6 366
21 7 426
21 8 351
21 9 364
21 10 257
21 11 466
21 12 301
21 13 407
21 14 411
21 15 495
21 16 457
21 17 327
21 18 335
21 19 279
21 20 491
21 22 372
21 23 316
21 24 399
21 25 326
21 26 349
21 27 279
21 28 485
21 29 429
21 30 354
21 31 478
21 32 258
21 33 279
21 34 469
21 35 413
21 36 382
21 37 263
21 38 403
21 39 498
21 40 420
21 41 431
21 42 312
21 43 399
21 44 475
21 45 350
21 46 492
21 47 263
21 48 378
21 49 463
22 1 295
22 2 340
22 3 292
22 4 350
22 5 264
22 6 413
22 7 388
22 8 259
22 9 455
22 10 437
22 11 379
22 12 406
22 13 265
22 14 280
22 15 500
22 16 405
22 17 495
22 18 399
22 19 411
22 20 316
22 21 372
22 23 315
22 24 458
22 25 346
22 26 444
22 27 304
22 28 281
22 29 442
22 30 472
22 31 256
22 32 262
22 33 294
22 34 500
22 35 460
22 36 358
22 37 454
22 38 324
22 39 310
22 40 446
22 41 392
22 42 353
22 43 369
22 44 453
22 45 344
22 46 283
22 47 405
22 48 332
22 49 255
23 1 362
23 2 304
23 3 399
23 4 341
23 5 459
23 6 314
23 7 417
23 8 384
23 9 323
23 10 414
23 11 494
23 12 396
23 13 468
23 14 281
23 15 396
23 16 310
23 17 440
23 18 316
23 19 265
23 20 316
23 21 316
23 22 315
23 24 472
23 25 497
23 26 446
23 27 275
23 28 303
23 29 493
23 30 338
23 31 356
23 32 262
23 33 364
23 34 484
23 35 377
23 36 318
23 37 438
23 38 432
23 39 300
23 40 444
23 41 445
23 42 259
23 43 322
23 44 482
23 45 463
23 46 283
23 47 263
23 48 335
23 49 310
24 1 289
24 2 451
24 3 383
24 4 434
24 5 409
24 6 410
24 7 373
24 8 400
24 9 279
24 10 461
24 11 449
24 12 361
24 13 334
24 14 365
24 15 420
24 16 272
24 17 404
24 18 347
24 19 328
24 20 469
24 21 399
24 22 458
24 23 472
24 25 482
24 26 458
24 27 369
24 28 283
24 29 381
24 30 377
24 31 347
24 32 401
24 33 496
24 34 316
24 35 312
24 36 381
24 37 477
24 38 327
24 39 403
24 40 383
24 41 471
24 42 305
24 43 377
24 44 318
24 45 499
24 46 297
24 47 397
24 48 340
24 49 267
25 1 347
25 2 388
25 3 456
25 4 350
25 5 258
25 6 268
25 7 316
25 8 353
25 9 357
25 10 281
25 11 311
25 12 297
25 13 346
25 14 369
25 15 341
25 16 398
25 17 269
25 18 420
25 19 364
25 20 490
25 21 326
25 22 346
25 23 497
25 24 482
25 26 396
25 27 421
25 28 303
25 29 314
25 30 353
25 31 279
25 32 445
25 33 302
25 34 380
25 35 294
25 36 388
25 37 345
25 38 288
25 39 260
25 40 329
25 41 352
25 42 498
25 43 393
25 44 447
25 45 488
25 46 458
25 47 459
25 48 432
25 49 250
26 1 462
26 2 250
26 3 352
26 4 380
26 5 448
26 6 343
26 7 313
26 8 329
26 9 439
26 10 424
26 11 371
26 12 270
26 13 445
26 14 391
26 15 452
26 16 316
26 17 252
26 18 419
26 19 492
26 20 332
26 21 349
26 22 444
26 23 446
26 24 458
26 25 396
26 27 309
26 28 451
26 29 348
26 30 393
26 31 439
26 32 392
26 33 343
26 34 412
26 35 414
26 36 459
26 37 310
26 38 255
26 39 268
26 40 408
26 41 353
26 42 270
26 43 401
26 44 263
26 45 391
26 46 307
26 47 450
26 48 463
26 49 351
27 1 453
27 2 421
27 3 442
27 4 319
27 5 402
27 6 433
27 7 295
27 8 473
27 9 429
27 10 290
27 11 303
27 12 488
27 13 334
27 14 461
27 15 284
27 16 280
27 17 442
27 18 427
27 19 485
27 20 365
27 21 279
27 22 304
27 23 275
27 24 369
27 25 421
27 26 309
27 28 301
27 29 289
27 30 409
27 31 415
27 32 353
27 33 292
27 34 446
27 35 416
27 36 335
27 37 350
27 38 390
27 39 454
27 40 479
27 41 290
27 42 266
27 43 330
27 44 401
27 45 278
27 46 319
27 47 280
27 48 338
27 49 300
28 1 445
28 2 375
28 3 409
28 4 267
28 5 253
28 6 370
28 7 488
28 8 389
28 9 289
28 10 282
28 11 301
28 12 331
28 13 447
28 14 471
28 15 283
28 16 256
28 17 437
28 18 450
28 19 366
28 20 304
28 21 485
28 22 281
28 23 303
28 24 283
28 25 303
28 26 451
28 27 301
28 29 478
28 30 283
28 31 442
28 32 326
28 33 439
28 34 407
28 35 316
28 36 317
28 37 300
28 38 267
28 39 328
28 40 289
28 41 425
28 42 300
28 43 279
28 44 426
28 45 286
28 46 275
28 47 378
28 48 391
28 49 439
29 1 428
29 2 276
29 3 283
29 4 262
29 5 400
29 6 416
29 7 470
29 8 482
29 9 392
29 10 482
29 11 273
29 12 486
29 13 332
29 14 288
29 15 417
29 16 301
29 17 276
29 18 338
29 19 372
29 20 273
29 21 429
29 22 442
29 23 493
29 24 381
29 25 314
29 26 348
29 27 289
29 28 478
29 30 321
29 31 319
29 32 349
29 33 259
29 34 416
29 35 313
29 36 283
29 37 397
29 38 394
29 39 257
29 40 367
29 41 404
29 42 324
29 43 472
29 44 286
29 45 396
29 46 372
29 47 328
29 48 394
29 49 469
30 1 264
30 2 427
30 3 302
30 4 447
30 5 288
30 6 274
30 7 257
30 8 359
30 9 314
30 10 383
30 11 409
30 12 368
30 13 481
30 14 436
30 15 442
30 16 431
30 17 317
30 18 486
30 19 490
30 20 316
30 21 354
30 22 472
30 23 338
30 24 377
30 25 353
30 26 393
30 27 409
30 28 283
30 29 321
30 31 351
30 32 406
30 33 298
30 34 402
30 35 279
30 36 301
30 37 285
30 38 460
30 39 302
30 40 500
30 41 365
30 42 355
30 43 333
30 44 427
30 45 317
30 46 285
30 47 338
30 48 428
30 49 460
31 1 464
31 2 295
31 3 500
31 4 494
31 5 472
31 6 412
31 7 367
31 8 427
31 9 437
31 10 301
31 11 285
31 12 473
31 13 402
31 14 438
31 15 497
31 16 430
31 17 500
31 18 398
31 19 412
31 20 311
31 21 478
31 22 256
31 23 356
31 24 347
31 25 279
31 26 439
31 27 415
31 28 442
31 29 319
31 30 351
31 32 494
31 33 270
31 34 372
31 35 401
31 36 490
31 37 380
31 38 306
31 39 383
31 40 328
31 41 252
31 42 269
31 43 408
31 44 343
31 45 405
31 46 401
31 47 317
31 48 305
31 49 463
32 1 471
32 2 423
32 3 355
32 4 360
32 5 312
32 6 258
32 7 368
32 8 263
32 9 309
32 10 429
32 11 425
32 12 323
32 13 355
32 14 316
32 15 442
32 16 404
32 17 418
32 18 273
32 19 467
32 20 466
32 21 258
32 22 262
32 23 262
32 24 401
32 25 445
32 26 392
32 27 353
32 28 326
32 29 349
32 30 406
32 31 494
32 33 439
32 34 452
32 35 467
32 36 356
32 37 349
32 38 446
32 39 303
32 40 401
32 41 431
32 42 473
32 43 443
32 44 408
32 45 369
32 46 419
32 47 431
32 48 311
32 49 295
33 1 455
33 2 440
33 3 349
33 4 436
33 5 462
33 6 333
33 7 417
33 8 258
33 9 286
33 10 499
33 11 444
33 12 479
33 13 428
33 14 429
33 15 492
33 16 321
33 17 413
33 18 473
33 19 323
33 20 294
33 21 279
33 22 294
33 23 364
33 24 496
33 25 302
33 26 343
33 27 292
33 28 439
33 29 259
33 30 298
33 31 270
33 32 439
33 34 255
33 35 389
33 36 470
33 37 333
33 38 361
33 39 389
33 40 452
33 41 420
33 42 492
33 43 491
33 44 486
33 45 470
33 46 286
33 47 303
33 48 445
33 49 287
34 1 457
34 2 250
34 3 308
34 4 443
34 5 337
34 6 334
34 7 377
34 8 349
34 9 391
34 10 380
34 11 480
34 12 322
34 13 409
34 14 450
34 15 433
34 16 409
34 17 291
34 18 348
34 19 346
34 20 495
34 21 469
34 22 500
34 23 484
34 24 316
34 25 380
34 26 412
34 27 446
34 28 407
34 29 416
34 30 402
34 31 372
34 32 452
34 33 255
34 35 496
34 36 418
34 37 255
34 38 341
34 39 406
34 40 281
34 41 445
34 42 420
34 43 303
34 44 451
34 45 339
34 46 395
34 47 388
34 48 440
34 49 352
35 1 408
35 2 498
35 3 430
35 4 290
35 5 375
35 6 500
35 7 496
35 8 327
35 9 387
35 10 424
35 11 470
35 12 280
35 13 312
35 14 436
35 15 440
35 16 433
35 17 497
35 18 441
35 19 473
35 20 341
35 21 413
35 22 460
35 23 377
35 24 312
35 25 294
35 26 414
35 27 416
35 28 316
35 29 313
35 30 279
35 31 401
35 32 467
35 33 389
35 34 496
35 36 486
35 37 309
35 38 483
35 39 372
35 40 405
35 41 360
35 42 416
35 43 398
35 44 405
35 45 316
35 46 321
35 47 429
35 48 400
35 49 480
36 1 380
36 2 329
36 3 469
36 4 386
36 5 410
36 6 290
36 7 457
36 8 398
36 9 480
36 10 250
36 11 331
36 12 401
36 13 278
36 14 423
36 15 432
36 16 306
36 17 481
36 18 445
36 19 279
36 20 468
36 21 382
36 22 358
36 23 318
36 24 381
36 25 388
36 26 459
36 27 335
36 28 317
36 29 283
36 30 301
36 31 490
36 32 356
36 33 470
36 34 418
36 35 486
36 37 447
36 38 461
36 39 342
36 40 485
36 41 254
36 42 402
36 43 371
36 44 279
36 45 310
36 46 452
36 47 389
36 48 406
36 49 402
37 1 462
37 2 257
37 3 348
37 4 482
37 5 278
37 6 390
37 7 252
37 8 383
37 9 436
37 10 374
37 11 299
37 12 342
37 13 358
37 14 421
37 15 259
37 16 337
37 17 499
37 18 283
37 19 304
37 20 292
37 21 263
37 22 454
37 23 438
37 24 477
37 25 345
37 26 310
37 27 350
37 28 300
37 29 397
37 30 285
37 31 380
37 32 349
37 33 333
37 34 255
37 35 309
37 36 447
37 38 317
37 39 259
37 40 375
37 41 378
37 42 338
37 43 355
37 44 273
37 45 374
37 46 286
37 47 362
37 48 265
37 49 485
38 1 316
38 2 322
38 3 269
38 4 434
38 5 257
38 6 453
38 7 309
38 8 269
38 9 368
38 10 257
38 11 311
38 12 318
38 13 290
38 14 354
38 15 455
38 16 460
38 17 326
38 18 341
38 19 355
38 20 253
38 21 403
38 22 324
38 23 432
38 24 327
38 25 288
38 26 255
38 27 390
38 28 267
38 29 394
38 30 460
38 31 306
38 32 446
38 33 361
38 34 341
38 35 483
38 36 461
38 37 317
38 39 336
38 40 268
38 41 465
38 42 435
38 43 370
38 44 438
38 45 416
38 46 303
38 47 299
38 48 256
38 49 374
39 1 449
39 2 298
39 3 272
39 4 495
39 5 333
39 6 345
39 7 302
39 8 418
39 9 338
39 10 258
39 11 349
39 12 478
39 13 467
39 14 263
39 15 477
39 16 423
39 17 429
39 18 416
39 19 368
39 20 361
39 21 498
39 22 310
39 23 300
39 24 403
39 25 260
39 26 268
39 27 454
39 28 328
39 29 257
39 30 302
39 31 383
39 32 303
39 33 389
39 34 406
39 35 372
39 36 342
39 37 259
39 38 336
39 40 317
39 41 442
39 42 294
39 43 427
39 44 467
39 45 255
39 46 370
39 47 487
39 48 414
39 49 466
40 1 469
40 2 342
40 3 440
40 4 361
40 5 428
40 6 419
40 7 456
40 8 493
40 9 418
40 10 251
40 11 301
40 12 473
40 13 403
40 14 402
40 15 343
40 16 397
40 17 395
40 18 400
40 19 484
40 20 316
40 21 420
40 22 446
40 23 444
40 24 383
40 25 329
40 26 408
40 27 479
40 28 289
40 29 367
40 30 500
40 31 328
40 32 401
40 33 452
40 34 281
40 35 405
40 36 485
40 37 375
40 38 268
40 39 317
40 41 266
40 42 261
40 43 336
40 44 387
40 45 368
40 46 372
40 47 350
40 48 353
40 49 436
41 1 462
41 2 454
41 3 426
41 4 356
41 5 261
41 6 330
41 7 356
41 8 473
41 9 491
41 10 300
41 11 424
41 12 396
41 13 401
41 14 399
41 15 333
41 16 265
41 17 278
41 18 405
41 19 495
41 20 296
41 21 431
41 22 392
41 23 445
41 24 471
41 25 352
41 26 353
41 27 290
41 28 425
41 29 404
41 30 365
41 31 252
41 32 431
41 33 420
41 34 445
41 35 360
41 36 254
41 37 378
41 38 465
41 39 442
41 40 266
41 42 443
41 43 270
41 44 316
41 45 339
41 46 258
41 47 274
41 48 365
41 49 368
42 1 445
42 2 299
42 3 371
42 4 397
42 5 466
42 6 341
42 7 491
42 8 261
42 9 456
42 10 381
42 11 351
42 12 474
42 13 408
42 14 323
42 15 384
42 16 488
42 17 356
42 18 251
42 19 409
42 20 448
42 21 312
42 22 353
42 23 259
42 24 305
42 25 498
42 26 270
42 27 266
42 28 300
42 29 324
42 30 355
42 31 269
42 32 473
42 33 492
42 34 420
42 35 416
42 36 402
42 37 338
42 38 435
42 39 294
42 40 261
42 41 443
42 43 338
42 44 269
42 45 403
42 46 280
42 47 381
42 48 446
42 49 401
43 1 301
43 2 297
43 3 310
43 4 279
43 5 448
43 6 269
43 7 353
43 8 263
43 9 432
43 10 445
43 11 391
43 12 477
43 13 308
43 14 360
43 15 424
43 16 334
43 17 364
43 18 261
43 19 487
43 20 380
43 21 399
43 22 369
43 23 322
43 24 377
43 25 393
43 26 401
43 27 330
43 28 279
43 29 472
43 30 333
43 31 408
43 32 443
43 33 491
43 34 303
43 35 398
43 36 371
43 37 355
43 38 370
43 39 427
43 40 336
43 41 270
43 42 338
43 44 352
43 45 462
43 46 453
43 47 325
43 48 468
43 49 484
44 1 262
44 2 362
44 3 402
44 4 484
44 5 385
44 6 273
44 7 391
44 8 402
44 9 420
44 10 297
44 11 372
44 12 381
44 13 267
44 14 357
44 15 364
44 16 272
44 17 410
44 18 345
44 19 485
44 20 495
44 21 475
44 22 453
44 23 482
44 24 318
44 25 447
44 26 263
44 27 401
44 28 426
44 29 286
44 30 427
44 31 343
44 32 408
44 33 486
44 34 451
44 35 405
44 36 279
44 37 273
44 38 438
44 39 467
44 40 387
44 41 316
44 42 269
44 43 352
44 45 495
44 46 364
44 47 413
44 48 471
44 49 268
45 1 466
45 2 340
45 3 473
45 4 450
45 5 262
45 6 470
45 7 286
45 8 393
45 9 460
45 10 415
45 11 272
45 12 302
45 13 443
45 14 250
45 15 428
45 16 480
45 17 445
45 18 380
45 19 375
45 20 420
45 21 350
45 22 344
45 23 463
45 24 499
45 25 488
45 26 391
45 27 278
45 28 286
45 29 396
45 30 317
45 31 405
45 32 369
45 33 470
45 34 339
45 35 316
45 36 310
45 37 374
45 38 416
45 39 255
45 40 368
45 41 339
45 42 403
45 43 462
45 44 495
45 46 433
45 47 487
45 48 436
45 49 406
46 1 369
46 2 345
46 3 324
46 4 452
46 5 416
46 6 456
46 7 430
46 8 280
46 9 270
46 10 347
46 11 340
46 12 335
46 13 382
46 14 264
46 15 416
46 16 258
46 17 357
46 18 393
46 19 351
46 20 404
46 21 492
46 22 283
46 23 283
46 24 297
46 25 458
46 26 307
46 27 319
46 28 275
46 29 372
46 30 285
46 31 401
46 32 419
46 33 286
46 34 395
46 35 321
46 36 452
46 37 286
46 38 303
46 39 370
46 40 372
46 41 258
46 42 280
46 43 453
46 44 364
46 45 433
46 47 298
46 48 482
46 49 262
47 1 476
47 2 459
47 3 253
47 4 447
47 5 422
47 6 386
47 7 455
47 8 259
47 9 467
47 10 461
47 11 430
47 12 353
47 13 279
47 14 408
47 15 494
47 16 388
47 17 448
47 18 492
47 19 289
47 20 465
47 21 263
47 22 405
47 23 263
47 24 397
47 25 459
47 26 450
47 27 280
47 28 378
47 29 328
47 30 338
47 31 317
47 32 431
47 33 303
47 34 388
47 35 429
47 36 389
47 37 362
47 38 299
47 39 487
47 40 350
47 41 274
47 42 381
47 43 325
47 44 413
47 45 487
47 46 298
47 48 500
47 49 360
48 1 398
48 2 381
48 3 485
48 4 391
48 5 401
48 6 322
48 7 405
48 8 372
48 9 440
48 10 496
48 11 366
48 12 294
48 13 398
48 14 366
48 15 265
48 16 456
48 17 381
48 18 489
48 19 464
48 20 408
48 21 378
48 22 332
48 23 335
48 24 340
48 25 432
48 26 463
48 27 338
48 28 391
48 29 394
48 30 428
48 31 305
48 32 311
48 33 445
48 34 440
48 35 400
48 36 406
48 37 265
48 38 256
48 39 414
48 40 353
48 41 365
48 42 446
48 43 468
48 44 471
48 45 436
48 46 482
48 47 500
48 49 428
1 t 408
2 t 446
3 t 286
4 t 333
5 t 364
6 t 262
7 t 482
8 t 499
9 t 358
10 t 353
11 t 483
12 t 498
13 t 301
14 t 447
15 t 284
16 t 267
17 t 457
18 t 255
19 t 279
20 t 252
21 t 463
22 t 255
23 t 310
24 t 267
25 t 250
26 t 351
27 t 300
28 t 439
29 t 469
30 t 460
31 t 463
32 t 295
33 t 287
34 t 352
35 t 480
36 t 402
37 t 485
38 t 374
39 t 466
40 t 436
41 t 368
42 t 401
43 t 484
44 t 268
45 t 406
46 t 262
47 t 360
48 t 428
