s 1 332
s 2 311
s 3 444
s 4 417
s 5 456
s 6 500
s 7 462
s 8 311
s 9 280
s 10 278
s 11 480
s 12 412
s 13 359
s 14 447
s 15 261
s 16 400
s 17 452
s 18 304
s 19 309
s 20 414
s 21 372
s 22 367
s 23 301
s 24 421
s 25 365
s 26 352
s 27 486
s 28 406
s 29 401
s 30 498
s 31 403
s 32 371
s 33 492
s 34 387
s 35 471
s 36 335
s 37 455
s 38 475
s 39 345
s 40 253
s 41 489
s 42 498
s 43 407
s 44 499
s 45 471
s 46 261
s 47 310
s 48 277
s 49 367
s 50 359
s 51 319
s 52 404
s 53 349
s 54 338
s 55 385
s 56 390
s 57 284
s 58 290
s 59 379
s 60 500
s 61 458
s 62 458
s 63 390
s 64 274
s 65 493
s 66 496
s 67 474
s 68 276
s 69 453
s 70 260
s 71 471
s 72 431
s 73 312
s 74 310
s 75 266
s 76 389
s 77 365
s 78 427
s 79 494
s 80 390
s 81 304
s 82 317
s 83 264
s 84 314
s 85 260
s 86 309
s 87 284
s 88 256
s 89 498
s 90 259
s 91 498
s 92 252
s 93 366
s 94 471
s 95 358
s 96 483
s 97 298
s 98 497
s 99 370
1 2 269
1 3 457
1 4 331
1 5 415
1 6 469
1 7 491
1 8 498
1 9 278
1 10 499
1 11 495
1 12 392
1 13 344
1 14 344
1 15 308
1 16 286
1 17 267
1 18 486
1 19 334
1 20 279
1 21 253
1 22 343
1 23 305
1 24 378
1 25 444
1 26 498
1 27 453
1 28 298
1 29 490
1 30 471
1 31 455
1 32 308
1 33 453
1 34 376
1 35 271
1 36 435
1 37 413
1 38 434
1 39 381
1 40 262
1 41 436
1 42 413
1 43 398
1 44 442
1 45 496
1 46 485
1 47 444
1 48 379
1 49 284
1 50 440
1 51 426
1 52 477
1 53 452
1 54 437
1 55 394
1 56 340
1 57 441
1 58 480
1 59 280
1 60 416
1 61 343
1 62 346
1 63 429
1 64 478
1 65 487
1 66 289
1 67 326
1 68 304
1 69 420
1 70 393
1 71 259
1 72 332
1 73 487
1 74 420
1 75 431
1 76 417
1 77 366
1 78 392
1 79 287
1 80 320
1 81 460
1 82 366
1 83 399
1 84 283
1 85 471
1 86 464
1 87 468
1 88 364
1 89 341
1 90 258
1 91 463
1 92 402
1 93 381
1 94 254
1 95 465
1 96 371
1 97 497
1 98 397
1 99 426
2 1 269
2 3 498
2 4 441
2 5 281
2 6 250
2 7 370
2 8 377
2 9 312
2 10 311
2 11 266
2 12 365
2 13 277
2 14 491
2 15 280
2 16 368
2 17 438
2 18 265
2 19 251
2 20 342
2 21 373
2 22 298
2 23 356
2 24 340
2 25 399
2 26 464
2 27 400
2 28 496
2 29 484
2 30 316
2 31 404
2 32 402
2 33 457
2 34 368
2 35 363
2 36 291
2 37 400
2 38 325
2 39 334
2 40 260
2 41 365
2 42 371
2 43 336
2 44 451
2 45 334
2 46 325
2 47 351
2 48 395
2 49 399
2 50 251
2 51 384
2 52 291
2 53 416
2 54 333
2 55 348
2 56 371
2 57 340
2 58 278
2 59 407
2 60 378
2 61 392
2 62 444
2 63 442
2 64 490
2 65 470
2 66 432
2 67 340
2 68 435
2 69 350
2 70 296
2 71 275
2 72 418
2 73 367
2 74 268
2 75 483
2 76 461
2 77 492
2 78 443
2 79 383
2 80 430
2 81 346
2 82 339
2 83 388
2 84 344
2 85 356
2 86 341
2 87 451
2 88 323
2 89 358
2 90 359
2 91 275
2 92 388
2 93 454
2 94 401
2 95 297
2 96 355
2 97 298
2 98 359
2 99 267
3 1 457
3 2 498
3 4 451
3 5 273
3 6 396
3 7 336
3 8 431
3 9 343
3 10 397
3 11 306
3 12 343
3 13 375
3 14 459
3 15 448
3 16 463
3 17 490
3 18 355
3 19 449
3 20 261
3 21 480
3 22 322
3 23 388
3 24 380
3 25 318
3 26 431
3 27 351
3 28 440
3 29 338
3 30 431
3 31 424
3 32 291
3 33 373
3 34 261
3 35 320
3 36 321
3 37 347
3 38 400
3 39 492
3 40 448
3 41 395
3 42 496
3 43 453
3 44 312
3 45 355
3 46 274
3 47 358
3 48 480
3 49 472
3 50 335
3 51 279
3 52 308
3 53 458
3 54 379
3 55 322
3 56 300
3 57 498
3 58 288
3 59 378
3 60 479
3 61 468
3 62 499
3 63 371
3 64 287
3 65 370
3 66 408
3 67 329
3 68 413
3 69 280
3 70 403
3 71 314
3 72 270
3 73 279
3 74 292
3 75 354
3 76 449
3 77 430
3 78 476
3 79 257
3 80 457
3 81 353
3 82 442
3 83 260
3 84 360
3 85 380
3 86 282
3 87 419
3 88 329
3 89 344
3 90 360
3 91 363
3 92 391
3 93 292
3 94 409
3 95 311
3 96 287
3 97 364
3 98 486
3 99 375
4 1 331
4 2 441
4 3 451
4 5 334
4 6 371
4 7 266
4 8 477
4 9 470
4 10 381
4 11 326
4 12 283
4 13 465
4 14 387
4 15 380
4 16 322
4 17 349
4 18 341
4 19 283
4 20 285
4 21 472
4 22 475
4 23 331
4 24 461
4 25 490
4 26 448
4 27 326
4 28 389
4 29 313
4 30 431
4 31 498
4 32 277
4 33 488
4 34 330
4 35 498
4 36 431
4 37 500
4 38 372
4 39 277
4 40 335
4 41 257
4 42 329
4 43 370
4 44 468
4 45 320
4 46 414
4 47 323
4 48 407
4 49 401
4 50 321
4 51 291
4 52 457
4 53 326
4 54 352
4 55 456
4 56 343
4 57 360
4 58 271
4 59 303
4 60 456
4 61 394
4 62 404
4 63 463
4 64 471
4 65 452
4 66 483
4 67 265
4 68 418
4 69 371
4 70 488
4 71 480
4 72 258
4 73 266
4 74 470
4 75 484
4 76 278
4 77 475
4 78 368
4 79 378
4 80 424
4 81 414
4 82 309
4 83 496
4 84 474
4 85 299
4 86 373
4 87 489
4 88 350
4 89 316
4 90 378
4 91 407
4 92 443
4 93 253
4 94 406
4 95 255
4 96 394
4 97 411
4 98 355
4 99 369
5 1 415
5 2 281
5 3 273
5 4 334
5 6 491
5 7 412
5 8 487
5 9 466
5 10 474
5 11 267
5 12 416
5 13 271
5 14 343
5 15 318
5 16 383
5 17 258
5 18 307
5 19 336
5 20 266
5 21 342
5 22 261
5 23 389
5 24 500
5 25 444
5 26 433
5 27 258
5 28 448
5 29 493
5 30 305
5 31 334
5 32 365
5 33 256
5 34 497
5 35 363
5 36 267
5 37 455
5 38 421
5 39 405
5 40 452
5 41 347
5 42 283
5 43 358
5 44 314
5 45 348
5 46 367
5 47 415
5 48 292
5 49 411
5 50 325
5 51 287
5 52 470
5 53 434
5 54 283
5 55 250
5 56 251
5 57 443
5 58 480
5 59 472
5 60 335
5 61 349
5 62 262
5 63 329
5 64 493
5 65 261
5 66 281
5 67 421
5 68 481
5 69 343
5 70 344
5 71 290
5 72 268
5 73 490
5 74 293
5 75 414
5 76 455
5 77 257
5 78 308
5 79 499
5 80 419
5 81 348
5 82 466
5 83 428
5 84 368
5 85 499
5 86 334
5 87 436
5 88 333
5 89 473
5 90 443
5 91 490
5 92 295
5 93 448
5 94 269
5 95 252
5 96 405
5 97 421
5 98 404
5 99 286
6 1 469
6 2 250
6 3 396
6 4 371
6 5 491
6 7 477
6 8 256
6 9 281
6 10 251
6 11 306
6 12 426
6 13 263
6 14 436
6 15 279
6 16 335
6 17 394
6 18 340
6 19 292
6 20 294
6 21 440
6 22 376
6 23 300
6 24 316
6 25 359
6 26 398
6 27 378
6 28 424
6 29 397
6 30 399
6 31 262
6 32 250
6 33 305
6 34 323
6 35 259
6 36 315
6 37 312
6 38 391
6 39 374
6 40 363
6 41 351
6 42 438
6 43 473
6 44 361
6 45 420
6 46 405
6 47 484
6 48 295
6 49 362
6 50 487
6 51 297
6 52 456
6 53 441
6 54 290
6 55 260
6 56 398
6 57 472
6 58 408
6 59 349
6 60 381
6 61 410
6 62 267
6 63 455
6 64 463
6 65 257
6 66 451
6 67 332
6 68 426
6 69 438
6 70 364
6 71 405
6 72 482
6 73 306
6 74 254
6 75 268
6 76 400
6 77 495
6 78 426
6 79 263
6 80 437
6 81 408
6 82 256
6 83 378
6 84 405
6 85 265
6 86 367
6 87 476
6 88 376
6 89 256
6 90 290
6 91 382
6 92 326
6 93 439
6 94 266
6 95 380
6 96 413
6 97 432
6 98 269
6 99 471
7 1 491
7 2 370
7 3 336
7 4 266
7 5 412
7 6 477
7 8 419
7 9 417
7 10 476
7 11 453
7 12 354
7 13 255
7 14 348
7 15 281
7 16 372
7 17 427
7 18 362
7 19 416
7 20 319
7 21 440
7 22 467
7 23 348
7 24 343
7 25 250
7 26 310
7 27 455
7 28 256
7 29 417
7 30 497
7 31 405
7 32 286
7 33 441
7 34 294
7 35 270
7 36 427
7 37 341
7 38 462
7 39 450
7 40 447
7 41 313
7 42 343
7 43 368
7 44 475
7 45 361
7 46 281
7 47 357
7 48 320
7 49 355
7 50 457
7 51 315
7 52 382
7 53 279
7 54 311
7 55 337
7 56 422
7 57 459
7 58 493
7 59 359
7 60 382
7 61 300
7 62 409
7 63 442
7 64 452
7 65 499
7 66 354
7 67 355
7 68 392
7 69 256
7 70 384
7 71 300
7 72 405
7 73 490
7 74 367
7 75 434
7 76 285
7 77 320
7 78 468
7 79 414
7 80 405
7 81 448
7 82 254
7 83 395
7 84 469
7 85 476
7 86 457
7 87 273
7 88 431
7 89 297
7 90 499
7 91 392
7 92 340
7 93 289
7 94 317
7 95 458
7 96 425
7 97 470
7 98 492
7 99 394
8 1 498
8 2 377
8 3 431
8 4 477
8 5 487
8 6 256
8 7 419
8 9 394
8 10 344
8 11 364
8 12 252
8 13 447
8 14 362
8 15 299
8 16 378
8 17 479
8 18 264
8 19 368
8 20 490
8 21 458
8 22 348
8 23 255
8 24 481
8 25 343
8 26 332
8 27 290
8 28 371
8 29 498
8 30 451
8 31 492
8 32 407
8 33 308
8 34 254
8 35 322
8 36 318
8 37 441
8 38 348
8 39 433
8 40 398
8 41 274
8 42 429
8 43 474
8 44 332
8 45 440
8 46 477
8 47 354
8 48 358
8 49 376
8 50 462
8 51 498
8 52 485
8 53 324
8 54 395
8 55 443
8 56 389
8 57 446
8 58 461
8 59 330
8 60 349
8 61 378
8 62 490
8 63 410
8 64 334
8 65 481
8 66 305
8 67 443
8 68 286
8 69 473
8 70 325
8 71 463
8 72 253
8 73 328
8 74 299
8 75 290
8 76 435
8 77 453
8 78 488
8 79 333
8 80 282
8 81 339
8 82 343
8 83 252
8 84 465
8 85 443
8 86 320
8 87 467
8 88 320
8 89 370
8 90 321
8 91 278
8 92 405
8 93 410
8 94 304
8 95 285
8 96 257
8 97 374
8 98 349
8 99 422
9 1 278
9 2 312
9 3 343
9 4 470
9 5 466
9 6 281
9 7 417
9 8 394
9 10 265
9 11 426
9 12 321
9 13 439
9 14 277
9 15 438
9 16 443
9 17 268
9 18 376
9 19 425
9 20 379
9 21 289
9 22 305
9 23 386
9 24 298
9 25 252
9 26 272
9 27 251
9 28 295
9 29 273
9 30 446
9 31 409
9 32 406
9 33 311
9 34 350
9 35 430
9 36 396
9 37 466
9 38 259
9 39 324
9 40 344
9 41 439
9 42 385
9 43 286
9 44 276
9 45 499
9 46 367
9 47 323
9 48 381
9 49 397
9 50 489
9 51 298
9 52 285
9 53 322
9 54 340
9 55 397
9 56 348
9 57 490
9 58 466
9 59 338
9 60 400
9 61 390
9 62 358
9 63 439
9 64 461
9 65 434
9 66 321
9 67 453
9 68 427
9 69 454
9 70 477
9 71 379
9 72 406
9 73 282
9 74 406
9 75 486
9 76 285
9 77 317
9 78 386
9 79 489
9 80 382
9 81 359
9 82 437
9 83 278
9 84 368
9 85 367
9 86 442
9 87 469
9 88 258
9 89 433
9 90 476
9 91 422
9 92 356
9 93 337
9 94 388
9 95 363
9 96 428
9 97 462
9 98 334
9 99 340
10 1 499
10 2 311
10 3 397
10 4 381
10 5 474
10 6 251
10 7 476
10 8 344
10 9 265
10 11 450
10 12 337
10 13 291
10 14 371
10 15 343
10 16 480
10 17 271
10 18 390
10 19 436
10 20 324
10 21 340
10 22 490
10 23 390
10 24 272
10 25 375
10 26 424
10 27 281
10 28 346
10 29 266
10 30 480
10 31 430
10 32 317
10 33 371
10 34 444
10 35 445
10 36 456
10 37 377
10 38 483
10 39 362
10 40 373
10 41 481
10 42 357
10 43 263
10 44 334
10 45 425
10 46 458
10 47 335
10 48 258
10 49 356
10 50 464
10 51 482
10 52 284
10 53 289
10 54 428
10 55 272
10 56 381
10 57 487
10 58 375
10 59 326
10 60 447
10 61 392
10 62 495
10 63 275
10 64 261
10 65 451
10 66 315
10 67 388
10 68 411
10 69 351
10 70 459
10 71 500
10 72 341
10 73 282
10 74 384
10 75 264
10 76 498
10 77 362
10 78 330
10 79 328
10 80 348
10 81 483
10 82 301
10 83 344
10 84 451
10 85 348
10 86 284
10 87 345
10 88 451
10 89 401
10 90 280
10 91 325
10 92 458
10 93 346
10 94 253
10 95 451
10 96 378
10 97 309
10 98 452
10 99 390
11 1 495
11 2 266
11 3 306
11 4 326
11 5 267
11 6 306
11 7 453
11 8 364
11 9 426
11 10 450
11 12 496
11 13 342
11 14 411
11 15 482
11 16 283
11 17 428
11 18 346
11 19 357
11 20 276
11 21 290
11 22 453
11 23 308
11 24 368
11 25 454
11 26 387
11 27 339
11 28 464
11 29 319
11 30 490
11 31 286
11 32 358
11 33 487
11 34 355
11 35 364
11 36 408
11 37 383
11 38 308
11 39 365
11 40 349
11 41 255
11 42 468
11 43 281
11 44 367
11 45 375
11 46 411
11 47 251
11 48 326
11 49 490
11 50 362
11 51 371
11 52 310
11 53 312
11 54 369
11 55 268
11 56 285
11 57 353
11 58 297
11 59 274
11 60 385
11 61 339
11 62 309
11 63 252
11 64 274
11 65 418
11 66 408
11 67 494
11 68 269
11 69 384
11 70 253
11 71 430
11 72 486
11 73 429
11 74 471
11 75 396
11 76 373
11 77 343
11 78 296
11 79 464
11 80 346
11 81 451
11 82 408
11 83 266
11 84 447
11 85 298
11 86 255
11 87 396
11 88 481
11 89 411
11 90 377
11 91 348
11 92 298
11 93 278
11 94 413
11 95 383
11 96 405
11 97 486
11 98 412
11 99 326
12 1 392
12 2 365
12 3 343
12 4 283
12 5 416
12 6 426
12 7 354
12 8 252
12 9 321
12 10 337
12 11 496
12 13 266
12 14 330
12 15 468
12 16 418
12 17 432
12 18 288
12 19 390
12 20 462
12 21 270
12 22 293
12 23 268
12 24 443
12 25 308
12 26 478
12 27 466
12 28 371
12 29 306
12 30 392
12 31 311
12 32 277
12 33 253
12 34 284
12 35 475
12 36 413
12 37 333
12 38 359
12 39 277
12 40 343
12 41 260
12 42 487
12 43 436
12 44 448
12 45 449
12 46 342
12 47 268
12 48 398
12 49 251
12 50 354
12 51 346
12 52 495
12 53 341
12 54 486
12 55 358
12 56 357
12 57 500
12 58 369
12 59 492
12 60 395
12 61 380
12 62 272
12 63 458
12 64 457
12 65 489
12 66 320
12 67 415
12 68 412
12 69 467
12 70 257
12 71 490
12 72 478
12 73 303
12 74 425
12 75 497
12 76 474
12 77 430
12 78 462
12 79 269
12 80 309
12 81 263
12 82 370
12 83 353
12 84 329
12 85 329
12 86 358
12 87 366
12 88 294
12 89 295
12 90 483
12 91 496
12 92 275
12 93 433
12 94 448
12 95 488
12 96 427
12 97 328
12 98 434
12 99 342
13 1 344
13 2 277
13 3 375
13 4 465
13 5 271
13 6 263
13 7 255
13 8 447
13 9 439
13 10 291
13 11 342
13 12 266
13 14 254
13 15 307
13 16 429
13 17 413
13 18 320
13 19 310
13 20 478
13 21 380
13 22 301
13 23 386
13 24 329
13 25 331
13 26 356
13 27 449
13 28 307
13 29 459
13 30 392
13 31 343
13 32 444
13 33 496
13 34 379
13 35 267
13 36 376
13 37 382
13 38 260
13 39 371
13 40 373
13 41 293
13 42 440
13 43 268
13 44 278
13 45 472
13 46 424
13 47 269
13 48 491
13 49 364
13 50 297
13 51 296
13 52 466
13 53 462
13 54 326
13 55 406
13 56 417
13 57 464
13 58 348
13 59 437
13 60 279
13 61 453
13 62 498
13 63 265
13 64 467
13 65 440
13 66 298
13 67 260
13 68 460
13 69 451
13 70 499
13 71 353
13 72 280
13 73 398
13 74 481
13 75 431
13 76 330
13 77 480
13 78 381
13 79 489
13 80 383
13 81 460
13 82 445
13 83 407
13 84 269
13 85 486
13 86 399
13 87 419
13 88 329
13 89 392
13 90 360
13 91 293
13 92 406
13 93 327
13 94 261
13 95 265
13 96 366
13 97 304
13 98 346
13 99 309
14 1 344
14 2 491
14 3 459
14 4 387
14 5 343
14 6 436
14 7 348
14 8 362
14 9 277
14 10 371
14 11 411
14 12 330
14 13 254
14 15 493
14 16 365
14 17 299
14 18 369
14 19 452
14 20 388
14 21 497
14 22 454
14 23 420
14 24 425
14 25 413
14 26 382
14 27 455
14 28 497
14 29 402
14 30 498
14 31 440
14 32 289
14 33 442
14 34 474
14 35 291
14 36 440
14 37 283
14 38 263
14 39 303
14 40 432
14 41 335
14 42 423
14 43 383
14 44 352
14 45 398
14 46 404
14 47 348
14 48 271
14 49 348
14 50 361
14 51 414
14 52 404
14 53 492
14 54 308
14 55 464
14 56 295
14 57 325
14 58 436
14 59 405
14 60 414
14 61 483
14 62 427
14 63 441
14 64 488
14 65 384
14 66 406
14 67 469
14 68 464
14 69 384
14 70 336
14 71 254
14 72 253
14 73 462
14 74 336
14 75 398
14 76 452
14 77 399
14 78 276
14 79 433
14 80 381
14 81 276
14 82 402
14 83 307
14 84 406
14 85 494
14 86 425
14 87 269
14 88 349
14 89 398
14 90 402
14 91 386
14 92 428
14 93 381
14 94 355
14 95 401
14 96 459
14 97 291
14 98 415
14 99 455
15 1 308
15 2 280
15 3 448
15 4 380
15 5 318
15 6 279
15 7 281
15 8 299
15 9 438
15 10 343
15 11 482
15 12 468
15 13 307
15 14 493
15 16 342
15 17 486
15 18 368
15 19 383
15 20 402
15 21 350
15 22 292
15 23 311
15 24 304
15 25 397
15 26 472
15 27 433
15 28 461
15 29 495
15 30 267
15 31 304
15 32 424
15 33 254
15 34 426
15 35 434
15 36 330
15 37 372
15 38 468
15 39 407
15 40 374
15 41 342
15 42 375
15 43 438
15 44 497
15 45 458
15 46 351
15 47 283
15 48 452
15 49 434
15 50 405
15 51 393
15 52 262
15 53 421
15 54 283
15 55 439
15 56 412
15 57 411
15 58 391
15 59 277
15 60 409
15 61 317
15 62 253
15 63 328
15 64 465
15 65 338
15 66 484
15 67 364
15 68 343
15 69 439
15 70 261
15 71 403
15 72 463
15 73 280
15 74 275
15 75 481
15 76 265
15 77 439
15 78 469
15 79 368
15 80 343
15 81 353
15 82 337
15 83 300
15 84 253
15 85 260
15 86 275
15 87 263
15 88 472
15 89 349
15 90 483
15 91 378
15 92 492
15 93 488
15 94 406
15 95 327
15 96 285
15 97 431
15 98 288
15 99 451
16 1 286
16 2 368
16 3 463
16 4 322
16 5 383
16 6 335
16 7 372
16 8 378
16 9 443
16 10 480
16 11 283
16 12 418
16 13 429
16 14 365
16 15 342
16 17 362
16 18 467
16 19 409
16 20 401
16 21 438
16 22 358
16 23 337
16 24 364
16 25 347
16 26 416
16 27 388
16 28 327
16 29 450
16 30 322
16 31 279
16 32 298
16 33 412
16 34 442
16 35 261
16 36 443
16 37 310
16 38 309
16 39 276
16 40 500
16 41 280
16 42 479
16 43 481
16 44 281
16 45 315
16 46 289
16 47 445
16 48 250
16 49 403
16 50 274
16 51 485
16 52 498
16 53 399
16 54 263
16 55 489
16 56 474
16 57 404
16 58 326
16 59 277
16 60 499
16 61 428
16 62 459
16 63 366
16 64 427
16 65 356
16 66 299
16 67 440
16 68 426
16 69 372
16 70 379
16 71 266
16 72 432
16 73 389
16 74 264
16 75 312
16 76 323
16 77 257
16 78 349
16 79 367
16 80 443
16 81 498
16 82 412
16 83 441
16 84 413
16 85 331
16 86 261
16 87 380
16 88 298
16 89 257
16 90 308
16 91 497
16 92 398
16 93 421
16 94 492
16 95 343
16 96 495
16 97 319
16 98 443
16 99 367
17 1 267
17 2 438
17 3 490
17 4 349
17 5 258
17 6 394
17 7 427
17 8 479
17 9 268
17 10 271
17 11 428
17 12 432
17 13 413
17 14 299
17 15 486
17 16 362
17 18 396
17 19 315
17 20 253
17 21 378
17 22 347
17 23 401
17 24 491
17 25 304
17 26 478
17 27 279
17 28 297
17 29 274
17 30 473
17 31 350
17 32 275
17 33 382
17 34 437
17 35 307
17 36 384
17 37 455
17 38 403
17 39 388
17 40 488
17 41 320
17 42 484
17 43 322
17 44 431
17 45 367
17 46 378
17 47 492
17 48 303
17 49 488
17 50 309
17 51 339
17 52 413
17 53 474
17 54 316
17 55 356
17 56 436
17 57 440
17 58 251
17 59 378
17 60 473
17 61 449
17 62 350
17 63 423
17 64 437
17 65 440
17 66 381
17 67 270
17 68 261
17 69 479
17 70 367
17 71 348
17 72 386
17 73 330
17 74 252
17 75 400
17 76 331
17 77 360
17 78 386
17 79 255
17 80 408
17 81 387
17 82 332
17 83 448
17 84 494
17 85 381
17 86 412
17 87 287
17 88 424
17 89 292
17 90 289
17 91 468
17 92 358
17 93 337
17 94 396
17 95 301
17 96 306
17 97 415
17 98 350
17 99 421
18 1 486
18 2 265
18 3 355
18 4 341
18 5 307
18 6 340
18 7 362
18 8 264
18 9 376
18 10 390
18 11 346
18 12 288
18 13 320
18 14 369
18 15 368
18 16 467
18 17 396
18 19 285
18 20 267
18 21 334
18 22 348
18 23 422
18 24 318
18 25 452
18 26 420
18 27 437
18 28 326
18 29 295
18 30 465
18 31 305
18 32 480
18 33 316
18 34 301
18 35 405
18 36 332
18 37 392
18 38 265
18 39 399
18 40 494
18 41 445
18 42 387
18 43 478
18 44 286
18 45 443
18 46 401
18 47 368
18 48 485
18 49 417
18 50 251
18 51 352
18 52 372
18 53 409
18 54 260
18 55 475
18 56 471
18 57 426
18 58 320
18 59 396
18 60 469
18 61 409
18 62 391
18 63 288
18 64 362
18 65 279
18 66 388
18 67 459
18 68 488
18 69 412
18 70 253
18 71 466
18 72 460
18 73 468
18 74 372
18 75 440
18 76 381
18 77 356
18 78 370
18 79 392
18 80 281
18 81 410
18 82 438
18 83 311
18 84 398
18 85 283
18 86 482
18 87 467
18 88 328
18 89 338
18 90 380
18 91 480
18 92 455
18 93 343
18 94 314
18 95 278
18 96 350
18 97 439
18 98 473
18 99 293
19 1 334
19 2 251
19 3 449
19 4 283
19 5 336
19 6 292
19 7 416
19 8 368
19 9 425
19 10 436
19 11 357
19 12 390
19 13 310
19 14 452
19 15 383
19 16 409
19 17 315
19 18 285
19 20 377
19 21 321
19 22 319
19 23 274
19 24 498
19 25 364
19 26 401
19 27 445
19 28 285
19 29 269
19 30 448
19 31 404
19 32 414
19 33 424
19 34 377
19 35 300
19 36 342
19 37 453
19 38 459
19 39 273
19 40 277
19 41 342
19 42 321
19 43 261
19 44 487
19 45 271
19 46 294
19 47 363
19 48 491
19 49 435
19 50 495
19 51 390
19 52 480
19 53 480
19 54 486
19 55 302
19 56 366
19 57 252
19 58 367
19 59 434
19 60 440
19 61 330
19 62 483
19 63 304
19 64 250
19 65 447
19 66 449
19 67 355
19 68 254
19 69 369
19 70 259
19 71 391
19 72 495
19 73 431
19 74 273
19 75 474
19 76 451
19 77 269
19 78 457
19 79 443
19 80 395
19 81 294
19 82 351
19 83 373
19 84 293
19 85 284
19 86 314
19 87 421
19 88 280
19 89 319
19 90 315
19 91 344
19 92 315
19 93 267
19 94 274
19 95 451
19 96 494
19 97 451
19 98 494
19 99 417
20 1 279
20 2 342
20 3 261
20 4 285
20 5 266
20 6 294
20 7 319
20 8 490
20 9 379
20 10 324
20 11 276
20 12 462
20 13 478
20 14 388
20 15 402
20 16 401
20 17 253
20 18 267
20 19 377
20 21 288
20 22 287
20 23 445
20 24 379
20 25 362
20 26 299
20 27 481
20 28 275
20 29 443
20 30 374
20 31 463
20 32 473
20 33 402
20 34 331
20 35 394
20 36 403
20 37 343
20 38 291
20 39 379
20 40 492
20 41 303
20 42 345
20 43 261
20 44 428
20 45 410
20 46 423
20 47 432
20 48 442
20 49 478
20 50 295
20 51 331
20 52 268
20 53 459
20 54 380
20 55 347
20 56 360
20 57 476
20 58 459
20 59 327
20 60 438
20 61 302
20 62 495
20 63 494
20 64 361
20 65 325
20 66 284
20 67 316
20 68 417
20 69 439
20 70 347
20 71 399
20 72 355
20 73 380
20 74 379
20 75 256
20 76 436
20 77 424
20 78 417
20 79 315
20 80 494
20 81 434
20 82 338
20 83 488
20 84 460
20 85 285
20 86 404
20 87 338
20 88 491
20 89 289
20 90 294
20 91 460
20 92 500
20 93 278
20 94 405
20 95 284
20 96 296
20 97 471
20 98 473
20 99 479
21 1 253
21 2 373
21 3 480
21 4 472
21 5 342
21 6 440
21 7 440
21 8 458
21 9 289
21 10 340
21 11 290
21 12 270
21 13 380
21 14 497
21 15 350
21 16 438
21 17 378
21 18 334
21 19 321
21 20 288
21 22 275
21 23 493
21 24 442
21 25 457
21 26 373
21 27 426
21 28 493
21 29 470
21 30 425
21 31 487
21 32 326
21 33 270
21 34 326
21 35 297
21 36 369
21 37 333
21 38 288
21 39 379
21 40 333
21 41 394
21 42 434
21 43 490
21 44 303
21 45 294
21 46 294
21 47 455
21 48 337
21 49 443
21 50 397
21 51 352
21 52 477
21 53 405
21 54 262
21 55 273
21 56 456
21 57 500
21 58 408
21 59 386
21 60 438
21 61 458
21 62 361
21 63 309
21 64 389
21 65 276
21 66 457
21 67 472
21 68 360
21 69 382
21 70 433
21 71 313
21 72 482
21 73 251
21 74 344
21 75 260
21 76 354
21 77 263
21 78 372
21 79 358
21 80 417
21 81 293
21 82 428
21 83 437
21 84 351
21 85 323
21 86 288
21 87 354
21 88 362
21 89 366
21 90 292
21 91 412
21 92 302
21 93 272
21 94 291
21 95 397
21 96 269
21 97 472
21 98 448
21 99 450
22 1 343
22 2 298
22 3 322
22 4 475
22 5 261
22 6 376
22 7 467
22 8 348
22 9 305
22 10 490
22 11 453
22 12 293
22 13 301
22 14 454
22 15 292
22 16 358
22 17 347
22 18 348
22 19 319
22 20 287
22 21 275
22 23 421
22 24 497
22 25 415
22 26 367
22 27 388
22 28 438
22 29 250
22 30 332
22 31 493
22 32 423
22 33 477
22 34 465
22 35 318
22 36 271
22 37 467
22 38 455
22 39 487
22 40 383
22 41 399
22 42 352
22 43 406
22 44 287
22 45 496
22 46 309
22 47 464
22 48 302
22 49 381
22 50 313
22 51 361
22 52 423
22 53 485
22 54 476
22 55 457
22 56 302
22 57 390
22 58 476
22 59 413
22 60 394
22 61 254
22 62 480
22 63 394
22 64 306
22 65 305
22 66 320
22 67 383
22 68 470
22 69 308
22 70 312
22 71 433
22 72 289
22 73 296
22 74 378
22 75 410
22 76 453
22 77 407
22 78 491
22 79 350
22 80 459
22 81 373
22 82 492
22 83 389
22 84 419
22 85 294
22 86 342
22 87 455
22 88 337
22 89 262
22 90 259
22 91 309
22 92 340
22 93 313
22 94 382
22 95 494
22 96 408
22 97 316
22 98 377
22 99 283
23 1 305
23 2 356
23 3 388
23 4 331
23 5 389
23 6 300
23 7 348
23 8 255
23 9 386
23 10 390
23 11 308
23 12 268
23 13 386
23 14 420
23 15 311
23 16 337
23 17 401
23 18 422
23 19 274
23 20 445
23 21 493
23 22 421
23 24 405
23 25 339
23 26 435
23 27 324
23 28 364
23 29 346
23 30 282
23 31 371
23 32 393
23 33 367
23 34 257
23 35 359
23 36 479
23 37 304
23 38 421
23 39 497
23 40 297
23 41 457
23 42 311
23 43 473
23 44 410
23 45 335
23 46 445
23 47 332
23 48 422
23 49 337
23 50 489
23 51 257
23 52 446
23 53 317
23 54 308
23 55 315
23 56 464
23 57 389
23 58 466
23 59 439
23 60 471
23 61 416
23 62 406
23 63 321
23 64 414
23 65 320
23 66 456
23 67 287
23 68 434
23 69 467
23 70 319
23 71 388
23 72 271
23 73 421
23 74 426
23 75 392
23 76 429
23 77 452
23 78 348
23 79 341
23 80 287
23 81 384
23 82 475
23 83 441
23 84 336
23 85 297
23 86 481
23 87 253
23 88 292
23 89 426
23 90 400
23 91 368
23 92 409
23 93 386
23 94 318
23 95 336
23 96 278
23 97 281
23 98 410
23 99 477
24 1 378
24 2 340
24 3 380
24 4 461
24 5 500
24 6 316
24 7 343
24 8 481
24 9 298
24 10 272
24 11 368
24 12 443
24 13 329
24 14 425
24 15 304
24 16 364
24 17 491
24 18 318
24 19 498
24 20 379
24 21 442
24 22 497
24 23 405
24 25 307
24 26 464
24 27 483
24 28 302
24 29 354
24 30 365
24 31 361
24 32 364
24 33 332
24 34 491
24 35 335
24 36 478
24 37 324
24 38 333
24 39 307
24 40 368
24 41 322
24 42 343
24 43 418
24 44 279
24 45 311
24 46 356
24 47 316
24 48 311
24 49 257
24 50 369
24 51 328
24 52 451
24 53 331
24 54 362
24 55 471
24 56 472
24 57 389
24 58 484
24 59 251
24 60 322
24 61 429
24 62 439
24 63 309
24 64 335
24 65 292
24 66 303
24 67 333
24 68 340
24 69 262
24 70 490
24 71 495
24 72 265
24 73 362
24 74 304
24 75 340
24 76 383
24 77 316
24 78 294
24 79 483
24 80 308
24 81 362
24 82 352
24 83 406
24 84 400
24 85 416
24 86 479
24 87 283
24 88 326
24 89 493
24 90 407
24 91 355
24 92 446
24 93 388
24 94 293
24 95 404
24 96 333
24 97 389
24 98 294
24 99 436
25 1 444
25 2 399
25 3 318
25 4 490
25 5 444
25 6 359
25 7 250
25 8 343
25 9 252
25 10 375
25 11 454
25 12 308
25 13 331
25 14 413
25 15 397
25 16 347
25 17 304
25 18 452
25 19 364
25 20 362
25 21 457
25 22 415
25 23 339
25 24 307
25 26 371
25 27 429
25 28 413
25 29 379
25 30 484
25 31 435
25 32 410
25 33 391
25 34 297
25 35 431
25 36 257
25 37 384
25 38 464
25 39 330
25 40 278
25 41 495
25 42 261
25 43 500
25 44 309
25 45 424
25 46 421
25 47 316
25 48 317
25 49 345
25 50 479
25 51 434
25 52 369
25 53 477
25 54 445
25 55 326
25 56 335
25 57 454
25 58 487
25 59 255
25 60 477
25 61 336
25 62 329
25 63 484
25 64 399
25 65 448
25 66 339
25 67 273
25 68 305
25 69 414
25 70 281
25 71 304
25 72 330
25 73 434
25 74 250
25 75 325
25 76 381
25 77 492
25 78 379
25 79 351
25 80 471
25 81 421
25 82 267
25 83 386
25 84 455
25 85 428
25 86 447
25 87 354
25 88 320
25 89 484
25 90 286
25 91 311
25 92 480
25 93 420
25 94 372
25 95 386
25 96 466
25 97 416
25 98 400
25 99 367
26 1 498
26 2 464
26 3 431
26 4 448
26 5 433
26 6 398
26 7 310
26 8 332
26 9 272
26 10 424
26 11 387
26 12 478
26 13 356
26 14 382
26 15 472
26 16 416
26 17 478
26 18 420
26 19 401
26 20 299
26 21 373
26 22 367
26 23 435
26 24 464
26 25 371
26 27 443
26 28 261
26 29 397
26 30 492
26 31 402
26 32 459
26 33 471
26 34 350
26 35 327
26 36 394
26 37 418
26 38 457
26 39 412
26 40 421
26 41 499
26 42 338
26 43 287
26 44 302
26 45 299
26 46 484
26 47 421
26 48 483
26 49 383
26 50 333
26 51 359
26 52 422
26 53 464
26 54 384
26 55 470
26 56 302
26 57 294
26 58 312
26 59 276
26 60 453
26 61 401
26 62 472
26 63 422
26 64 375
26 65 500
26 66 270
26 67 348
26 68 470
26 69 489
26 70 283
26 71 446
26 72 374
26 73 456
26 74 372
26 75 391
26 76 415
26 77 302
26 78 283
26 79 309
26 80 494
26 81 261
26 82 403
26 83 449
26 84 388
26 85 358
26 86 418
26 87 465
26 88 468
26 89 302
26 90 266
26 91 291
26 92 328
26 93 366
26 94 315
26 95 466
26 96 294
26 97 440
26 98 440
26 99 341
27 1 453
27 2 400
27 3 351
27 4 326
27 5 258
27 6 378
27 7 455
27 8 290
27 9 251
27 10 281
27 11 339
27 12 466
27 13 449
27 14 455
27 15 433
27 16 388
27 17 279
27 18 437
27 19 445
27 20 481
27 21 426
27 22 388
27 23 324
27 24 483
27 25 429
27 26 443
27 28 347
27 29 296
27 30 358
27 31 482
27 32 469
27 33 353
27 34 320
27 35 278
27 36 430
27 37 305
27 38 353
27 39 251
27 40 312
27 41 367
27 42 446
27 43 278
27 44 363
27 45 378
27 46 486
27 47 488
27 48 271
27 49 338
27 50 378
27 51 402
27 52 317
27 53 292
27 54 368
27 55 341
27 56 251
27 57 304
27 58 463
27 59 352
27 60 275
27 61 414
27 62 471
27 63 430
27 64 461
27 65 318
27 66 405
27 67 471
27 68 497
27 69 371
27 70 432
27 71 308
27 72 433
27 73 355
27 74 497
27 75 438
27 76 381
27 77 340
27 78 322
27 79 422
27 80 332
27 81 368
27 82 335
27 83 426
27 84 315
27 85 388
27 86 271
27 87 441
27 88 377
27 89 358
27 90 412
27 91 265
27 92 257
27 93 274
27 94 464
27 95 288
27 96 383
27 97 372
27 98 279
27 99 419
28 1 298
28 2 496
28 3 440
28 4 389
28 5 448
28 6 424
28 7 256
28 8 371
28 9 295
28 10 346
28 11 464
28 12 371
28 13 307
28 14 497
28 15 461
28 16 327
28 17 297
28 18 326
28 19 285
28 20 275
28 21 493
28 22 438
28 23 364
28 24 302
28 25 413
28 26 261
28 27 347
28 29 260
28 30 272
28 31 493
28 32 465
28 33 360
28 34 447
28 35 402
28 36 384
28 37 453
28 38 300
28 39 319
28 40 429
28 41 258
28 42 316
28 43 375
28 44 269
28 45 259
28 46 299
28 47 345
28 48 399
28 49 255
28 50 491
28 51 417
28 52 442
28 53 343
28 54 268
28 55 442
28 56 399
28 57 302
28 58 441
28 59 461
28 60 253
28 61 266
28 62 305
28 63 483
28 64 485
28 65 402
28 66 378
28 67 437
28 68 467
28 69 373
28 70 425
28 71 441
28 72 458
28 73 353
28 74 435
28 75 467
28 76 415
28 77 287
28 78 450
28 79 270
28 80 385
28 81 350
28 82 411
28 83 317
28 84 340
28 85 337
28 86 269
28 87 458
28 88 399
28 89 264
28 90 251
28 91 477
28 92 319
28 93 351
28 94 484
28 95 480
28 96 453
28 97 382
28 98 273
28 99 268
29 1 490
29 2 484
29 3 338
29 4 313
29 5 493
29 6 397
29 7 417
29 8 498
29 9 273
29 10 266
29 11 319
29 12 306
29 13 459
29 14 402
29 15 495
29 16 450
29 17 274
29 18 295
29 19 269
29 20 443
29 21 470
29 22 250
29 23 346
29 24 354
29 25 379
29 26 397
29 27 296
29 28 260
29 30 385
29 31 305
29 32 418
29 33 307
29 34 442
29 35 357
29 36 453
29 37 450
29 38 426
29 39 407
29 40 341
29 41 493
29 42 264
29 43 358
29 44 453
29 45 364
29 46 457
29 47 495
29 48 268
29 49 491
29 50 338
29 51 345
29 52 305
29 53 400
29 54 330
29 55 474
29 56 383
29 57 376
29 58 415
29 59 402
29 60 486
29 61 478
29 62 303
29 63 396
29 64 290
29 65 482
29 66 328
29 67 421
29 68 380
29 69 296
29 70 451
29 71 382
29 72 426
29 73 385
29 74 331
29 75 318
29 76 433
29 77 304
29 78 389
29 79 313
29 80 383
29 81 269
29 82 368
29 83 261
29 84 489
29 85 348
29 86 271
29 87 377
29 88 362
29 89 465
29 90 269
29 91 269
29 92 483
29 93 496
29 94 400
29 95 421
29 96 351
29 97 342
29 98 298
29 99 483
30 1 471
30 2 316
30 3 431
30 4 431
30 5 305
30 6 399
30 7 497
30 8 451
30 9 446
30 10 480
30 11 490
30 12 392
30 13 392
30 14 498
30 15 267
30 16 322
30 17 473
30 18 465
30 19 448
30 20 374
30 21 425
30 22 332
30 23 282
30 24 365
30 25 484
30 26 492
30 27 358
30 28 272
30 29 385
30 31 286
30 32 254
30 33 427
30 34 440
30 35 349
30 36 309
30 37 286
30 38 464
30 39 373
30 40 455
30 41 333
30 42 427
30 43 273
30 44 394
30 45 287
30 46 473
30 47 276
30 48 310
30 49 466
30 50 487
30 51 294
30 52 316
30 53 374
30 54 412
30 55 260
30 56 383
30 57 250
30 58 378
30 59 354
30 60 430
30 61 498
30 62 257
30 63 412
30 64 366
30 65 276
30 66 315
30 67 433
30 68 368
30 69 470
30 70 336
30 71 418
30 72 405
30 73 257
30 74 373
30 75 253
30 76 432
30 77 402
30 78 331
30 79 423
30 80 307
30 81 386
30 82 381
30 83 320
30 84 500
30 85 286
30 86 338
30 87 445
30 88 358
30 89 292
30 90 314
30 91 254
30 92 481
30 93 467
30 94 496
30 95 389
30 96 317
30 97 313
30 98 442
30 99 284
31 1 455
31 2 404
31 3 424
31 4 498
31 5 334
31 6 262
31 7 405
31 8 492
31 9 409
31 10 430
31 11 286
31 12 311
31 13 343
31 14 440
31 15 304
31 16 279
31 17 350
31 18 305
31 19 404
31 20 463
31 21 487
31 22 493
31 23 371
31 24 361
31 25 435
31 26 402
31 27 482
31 28 493
31 29 305
31 30 286
31 32 378
31 33 474
31 34 371
31 35 342
31 36 455
31 37 282
31 38 306
31 39 312
31 40 426
31 41 436
31 42 419
31 43 326
31 44 389
31 45 344
31 46 263
31 47 414
31 48 324
31 49 343
31 50 325
31 51 397
31 52 302
31 53 471
31 54 284
31 55 420
31 56 451
31 57 451
31 58 306
31 59 413
31 60 266
31 61 328
31 62 459
31 63 280
31 64 463
31 65 374
31 66 268
31 67 269
31 68 440
31 69 408
31 70 415
31 71 383
31 72 255
31 73 255
31 74 428
31 75 380
31 76 337
31 77 455
31 78 319
31 79 401
31 80 378
31 81 314
31 82 349
31 83 330
31 84 424
31 85 299
31 86 293
31 87 332
31 88 482
31 89 285
31 90 425
31 91 333
31 92 338
31 93 440
31 94 251
31 95 406
31 96 379
31 97 472
31 98 388
31 99 352
32 1 308
32 2 402
32 3 291
32 4 277
32 5 365
32 6 250
32 7 286
32 8 407
32 9 406
32 10 317
32 11 358
32 12 277
32 13 444
32 14 289
32 15 424
32 16 298
32 17 275
32 18 480
32 19 414
32 20 473
32 21 326
32 22 423
32 23 393
32 24 364
32 25 410
32 26 459
32 27 469
32 28 465
32 29 418
32 30 254
32 31 378
32 33 478
32 34 261
32 35 285
32 36 472
32 37 417
32 38 392
32 39 291
32 40 425
32 41 254
32 42 309
32 43 428
32 44 498
32 45 272
32 46 449
32 47 427
32 48 375
32 49 350
32 50 413
32 51 366
32 52 496
32 53 339
32 54 358
32 55 486
32 56 331
32 57 457
32 58 442
32 59 260
32 60 423
32 61 261
32 62 404
32 63 430
32 64 467
32 65 406
32 66 262
32 67 271
32 68 331
32 69 466
32 70 498
32 71 360
32 72 384
32 73 320
32 74 490
32 75 284
32 76 280
32 77 493
32 78 478
32 79 449
32 80 266
32 81 263
32 82 336
32 83 297
32 84 458
32 85 298
32 86 250
32 87 433
32 88 317
32 89 283
32 90 415
32 91 287
32 92 326
32 93 420
32 94 390
32 95 261
32 96 327
32 97 400
32 98 302
32 99 261
33 1 453
33 2 457
33 3 373
33 4 488
33 5 256
33 6 305
33 7 441
33 8 308
33 9 311
33 10 371
33 11 487
33 12 253
33 13 496
33 14 442
33 15 254
33 16 412
33 17 382
33 18 316
33 19 424
33 20 402
33 21 270
33 22 477
33 23 367
33 24 332
33 25 391
33 26 471
33 27 353
33 28 360
33 29 307
33 30 427
33 31 474
33 32 478
33 34 451
33 35 371
33 36 301
33 37 449
33 38 299
33 39 353
33 40 457
33 41 434
33 42 434
33 43 274
33 44 259
33 45 422
33 46 429
33 47 388
33 48 436
33 49 269
33 50 474
33 51 387
33 52 293
33 53 302
33 54 361
33 55 252
33 56 341
33 57 287
33 58 380
33 59 432
33 60 469
33 61 350
33 62 279
33 63 469
33 64 464
33 65 371
33 66 325
33 67 281
33 68 432
33 69 252
33 70 260
33 71 355
33 72 496
33 73 456
33 74 374
33 75 261
33 76 373
33 77 341
33 78 427
33 79 275
33 80 408
33 81 468
33 82 474
33 83 449
33 84 409
33 85 454
33 86 343
33 87 391
33 88 345
33 89 344
33 90 435
33 91 465
33 92 498
33 93 459
33 94 400
33 95 441
33 96 324
33 97 299
33 98 419
33 99 417
34 1 376
34 2 368
34 3 261
34 4 330
34 5 497
34 6 323
34 7 294
34 8 254
34 9 350
34 10 444
34 11 355
34 12 284
34 13 379
34 14 474
34 15 426
34 16 442
34 17 437
34 18 301
34 19 377
34 20 331
34 21 326
34 22 465
34 23 257
34 24 491
34 25 297
34 26 350
34 27 320
34 28 447
34 29 442
34 30 440
34 31 371
34 32 261
34 33 451
34 35 281
34 36 435
34 37 407
34 38 367
34 39 269
34 40 312
34 41 331
34 42 449
34 43 499
34 44 324
34 45 313
34 46 442
34 47 321
34 48 378
34 49 482
34 50 301
34 51 436
34 52 315
34 53 496
34 54 366
34 55 442
34 56 302
34 57 276
34 58 413
34 59 459
34 60 325
34 61 281
34 62 323
34 63 299
34 64 297
34 65 295
34 66 271
34 67 332
34 68 387
34 69 441
34 70 364
34 71 361
34 72 292
34 73 372
34 74 342
34 75 345
34 76 330
34 77 476
34 78 488
34 79 442
34 80 323
34 81 408
34 82 472
34 83 492
34 84 497
34 85 443
34 86 430
34 87 362
34 88 279
34 89 364
34 90 368
34 91 393
34 92 489
34 93 289
34 94 350
34 95 373
34 96 413
34 97 294
34 98 338
34 99 253
35 1 271
35 2 363
35 3 320
35 4 498
35 5 363
35 6 259
35 7 270
35 8 322
35 9 430
35 10 445
35 11 364
35 12 475
35 13 267
35 14 291
35 15 434
35 16 261
35 17 307
35 18 405
35 19 300
35 20 394
35 21 297
35 22 318
35 23 359
35 24 335
35 25 431
35 26 327
35 27 278
35 28 402
35 29 357
35 30 349
35 31 342
35 32 285
35 33 371
35 34 281
35 36 443
35 37 481
35 38 468
35 39 439
35 40 369
35 41 376
35 42 278
35 43 255
35 44 263
35 45 305
35 46 394
35 47 426
35 48 451
35 49 345
35 50 414
35 51 439
35 52 478
35 53 298
35 54 487
35 55 431
35 56 274
35 57 300
35 58 419
35 59 406
35 60 268
35 61 407
35 62 337
35 63 378
35 64 421
35 65 460
35 66 398
35 67 402
35 68 305
35 69 480
35 70 379
35 71 277
35 72 267
35 73 388
35 74 332
35 75 301
35 76 461
35 77 376
35 78 347
35 79 482
35 80 305
35 81 366
35 82 409
35 83 336
35 84 435
35 85 453
35 86 421
35 87 463
35 88 343
35 89 313
35 90 406
35 91 351
35 92 470
35 93 409
35 94 403
35 95 467
35 96 275
35 97 375
35 98 440
35 99 470
36 1 435
36 2 291
36 3 321
36 4 431
36 5 267
36 6 315
36 7 427
36 8 318
36 9 396
36 10 456
36 11 408
36 12 413
36 13 376
36 14 440
36 15 330
36 16 443
36 17 384
36 18 332
36 19 342
36 20 403
36 21 369
36 22 271
36 23 479
36 24 478
36 25 257
36 26 394
36 27 430
36 28 384
36 29 453
36 30 309
36 31 455
36 32 472
36 33 301
36 34 435
36 35 443
36 37 351
36 38 482
36 39 379
36 40 277
36 41 327
36 42 321
36 43 330
36 44 349
36 45 338
36 46 312
36 47 493
36 48 478
36 49 251
36 50 463
36 51 264
36 52 352
36 53 251
36 54 363
36 55 289
36 56 283
36 57 303
36 58 333
36 59 429
36 60 335
36 61 486
36 62 374
36 63 258
36 64 333
36 65 310
36 66 320
36 67 287
36 68 345
36 69 307
36 70 383
36 71 432
36 72 343
36 73 270
36 74 322
36 75 261
36 76 329
36 77 397
36 78 486
36 79 300
36 80 431
36 81 354
36 82 404
36 83 462
36 84 491
36 85 288
36 86 269
36 87 484
36 88 383
36 89 383
36 90 357
36 91 401
36 92 345
36 93 494
36 94 409
36 95 301
36 96 486
36 97 407
36 98 335
36 99 470
37 1 413
37 2 400
37 3 347
37 4 500
37 5 455
37 6 312
37 7 341
37 8 441
37 9 466
37 10 377
37 11 383
37 12 333
37 13 382
37 14 283
37 15 372
37 16 310
37 17 455
37 18 392
37 19 453
37 20 343
37 21 333
37 22 467
37 23 304
37 24 324
37 25 384
37 26 418
37 27 305
37 28 453
37 29 450
37 30 286
37 31 282
37 32 417
37 33 449
37 34 407
37 35 481
37 36 351
37 38 318
37 39 280
37 40 473
37 41 286
37 42 383
37 43 377
37 44 432
37 45 284
37 46 258
37 47 275
37 48 466
37 49 267
37 50 452
37 51 466
37 52 371
37 53 333
37 54 332
37 55 352
37 56 492
37 57 423
37 58 258
37 59 403
37 60 314
37 61 395
37 62 325
37 63 496
37 64 332
37 65 332
37 66 463
37 67 328
37 68 285
37 69 426
37 70 423
37 71 474
37 72 474
37 73 432
37 74 408
37 75 320
37 76 481
37 77 331
37 78 363
37 79 288
37 80 465
37 81 375
37 82 269
37 83 483
37 84 325
37 85 260
37 86 477
37 87 479
37 88 334
37 89 350
37 90 462
37 91 275
37 92 430
37 93 351
37 94 485
37 95 270
37 96 445
37 97 453
37 98 425
37 99 289
38 1 434
38 2 325
38 3 400
38 4 372
38 5 421
38 6 391
38 7 462
38 8 348
38 9 259
38 10 483
38 11 308
38 12 359
38 13 260
38 14 263
38 15 468
38 16 309
38 17 403
38 18 265
38 19 459
38 20 291
38 21 288
38 22 455
38 23 421
38 24 333
38 25 464
38 26 457
38 27 353
38 28 300
38 29 426
38 30 464
38 31 306
38 32 392
38 33 299
38 34 367
38 35 468
38 36 482
38 37 318
38 39 463
38 40 396
38 41 316
38 42 397
38 43 486
38 44 492
38 45 334
38 46 410
38 47 394
38 48 368
38 49 332
38 50 312
38 51 449
38 52 252
38 53 390
38 54 293
38 55 398
38 56 338
38 57 288
38 58 469
38 59 436
38 60 483
38 61 380
38 62 404
38 63 462
38 64 270
38 65 260
38 66 274
38 67 441
38 68 469
38 69 475
38 70 380
38 71 257
38 72 331
38 73 302
38 74 496
38 75 373
38 76 339
38 77 440
38 78 310
38 79 422
38 80 498
38 81 394
38 82 362
38 83 464
38 84 348
38 85 459
38 86 396
38 87 396
38 88 495
38 89 491
38 90 384
38 91 366
38 92 426
38 93 488
38 94 350
38 95 358
38 96 334
38 97 252
38 98 345
38 99 488
39 1 381
39 2 334
39 3 492
39 4 277
39 5 405
39 6 374
39 7 450
39 8 433
39 9 324
39 10 362
39 11 365
39 12 277
39 13 371
39 14 303
39 15 407
39 16 276
39 17 388
39 18 399
39 19 273
39 20 379
39 21 379
39 22 487
39 23 497
39 24 307
39 25 330
39 26 412
39 27 251
39 28 319
39 29 407
39 30 373
39 31 312
39 32 291
39 33 353
39 34 269
39 35 439
39 36 379
39 37 280
39 38 463
39 40 464
39 41 445
39 42 337
39 43 425
39 44 426
39 45 385
39 46 463
39 47 428
39 48 354
39 49 324
39 50 475
39 51 342
39 52 472
39 53 306
39 54 377
39 55 378
39 56 494
39 57 437
39 58 468
39 59 255
39 60 452
39 61 308
39 62 276
39 63 418
39 64 472
39 65 456
39 66 265
39 67 489
39 68 441
39 69 435
39 70 477
39 71 363
39 72 330
39 73 273
39 74 361
39 75 284
39 76 478
39 77 273
39 78 358
39 79 277
39 80 449
39 81 472
39 82 495
39 83 280
39 84 426
39 85 469
39 86 262
39 87 305
39 88 287
39 89 255
39 90 339
39 91 430
39 92 397
39 93 322
39 94 323
39 95 443
39 96 267
39 97 347
39 98 349
39 99 363
40 1 262
40 2 260
40 3 448
40 4 335
40 5 452
40 6 363
40 7 447
40 8 398
40 9 344
40 10 373
40 11 349
40 12 343
40 13 373
40 14 432
40 15 374
40 16 500
40 17 488
40 18 494
40 19 277
40 20 492
40 21 333
40 22 383
40 23 297
40 24 368
40 25 278
40 26 421
40 27 312
40 28 429
40 29 341
40 30 455
40 31 426
40 32 425
40 33 457
40 34 312
40 35 369
40 36 277
40 37 473
40 38 396
40 39 464
40 41 291
40 42 413
40 43 334
40 44 326
40 45 387
40 46 279
40 47 291
40 48 283
40 49 251
40 50 370
40 51 402
40 52 346
40 53 357
40 54 386
40 55 353
40 56 493
40 57 252
40 58 371
40 59 455
40 60 282
40 61 309
40 62 383
40 63 371
40 64 417
40 65 431
40 66 268
40 67 446
40 68 464
40 69 307
40 70 356
40 71 316
40 72 476
40 73 462
40 74 262
40 75 275
40 76 309
40 77 287
40 78 485
40 79 439
40 80 429
40 81 305
40 82 381
40 83 448
40 84 341
40 85 277
40 86 251
40 87 461
40 88 398
40 89 293
40 90 437
40 91 427
40 92 401
40 93 458
40 94 326
40 95 427
40 96 279
40 97 279
40 98 461
40 99 330
41 1 436
41 2 365
41 3 395
41 4 257
41 5 347
41 6 351
41 7 313
41 8 274
41 9 439
41 10 481
41 11 255
41 12 260
41 13 293
41 14 335
41 15 342
41 16 280
41 17 320
41 18 445
41 19 342
41 20 303
41 21 394
41 22 399
41 23 457
41 24 322
41 25 495
41 26 499
41 27 367
41 28 258
41 29 493
41 30 333
41 31 436
41 32 254
41 33 434
41 34 331
41 35 376
41 36 327
41 37 286
41 38 316
41 39 445
41 40 291
41 42 444
41 43 304
41 44 337
41 45 448
41 46 445
41 47 400
41 48 285
41 49 297
41 50 461
41 51 313
41 52 374
41 53 345
41 54 436
41 55 476
41 56 355
41 57 257
41 58 499
41 59 386
41 60 303
41 61 299
41 62 447
41 63 333
41 64 266
41 65 478
41 66 257
41 67 451
41 68 406
41 69 282
41 70 488
41 71 362
41 72 365
41 73 437
41 74 274
41 75 433
41 76 430
41 77 354
41 78 489
41 79 466
41 80 292
41 81 308
41 82 442
41 83 342
41 84 282
41 85 455
41 86 457
41 87 296
41 88 479
41 89 268
41 90 294
41 91 263
41 92 340
41 93 330
41 94 306
41 95 409
41 96 369
41 97 449
41 98 338
41 99 312
42 1 413
42 2 371
42 3 496
42 4 329
42 5 283
42 6 438
42 7 343
42 8 429
42 9 385
42 10 357
42 11 468
42 12 487
42 13 440
42 14 423
42 15 375
42 16 479
42 17 484
42 18 387
